ID	CADD_splice	spliceAI	MMsplicing_abs	SCAP	Trap	RegSNPs	SPIDEX_dpsi_abs	SPIDEX_zscore_abs
chr3_87322490_T_G	7.757546646	3.000012676	2.486965481	17.79871231	2.993168002	8.372727025	7.102736019	7.218792838
chr3_87322490_T_C	8.30248919	3.000012676	9.575163179	17.79871231	15.45788025	9.528714129	12.41752519	12.89177169
chr3_87322490_T_A	8.480260726	6.755792641	13.34934659	17.79871231	1.430491332	7.375395302	11.08654295	11.60082472
chr3_87322489_T_G	10.357646	5.822625317	2.673520066	16.54932494	4.3744855	15.45788025	7.384785456	7.882233051
chr3_87322489_T_C	10.6866677	4.671097255	0.668609692	16.3226851	19.40722523	10.99924464	9.289042571	9.274493329
chr3_87322489_T_A	10.49012082	6.755792641	0.243593459	16.39692528	4.3744855	12.32858806	9.332985052	9.848192299
chr3_87322488_T_G	7.988944681	5.822625317	8.993298381	16.47245666	12.76015723	9.864800138	11.06455331	11.06455331
chr3_87322488_T_C	8.372727025	5.822625317	3.523542099	16.62757832	10.74740918	16.24969271	4.048611828	4.194942341
chr3_87322488_T_A	8.043300144	5.822625317	2.84525156	16.62757832	2.686246653	10.99924464	5.592650986	6.051608774
chr3_87322487_C_T	3.554563266	5.822625317	1.874829577	16.87117178	2.147545951	2.387676654	8.210571583	8.754906203
chr3_87322487_C_G	2.942173935	5.822625317	4.973246408	16.95550345	2.147545951	1.232255412	5.586433454	6.037799717
chr3_87322487_C_A	3.017171706	5.822625317	4.527556668	16.87117178	2.147545951	2.387676654	4.914303624	5.038473339
chr3_87322486_A_T	5.757512481	5.822625317	4.701396993	16.39692528	7.120390291	6.024034429	1.162151682	1.119737594
chr3_87322486_A_G	5.52474286	4.671097255	0.120089075	16.39692528	5.356530333	0.488199588	8.993298381	9.498021811
chr3_87322486_A_C	5.76398001	6.755792641	4.989461529	16.78844652	18.0106053	9.513340857	3.055161923	3.283040805
chr3_87322485_A_T	6.541576599	7.413078356	3.996599891	16.39692528	6.904708195	12.47784484	4.365095345	4.474327709
chr3_87322485_A_G	6.1495215	4.671097255	1.83535995	16.3226851	2.858492255	2.925308109	7.616464107	7.747315911
chr3_87322485_A_C	5.955854931	6.755792641	2.915219963	16.39692528	2.858492255	9.089659272	2.809046429	2.832051109
chr3_87322484_C_T	2.167293055	4.671097255	2.789424657	16.54932494	2.582351029	2.267398289	4.3744855	4.691273573
chr3_87322484_C_G	1.791057098	5.822625317	3.802799103	16.39692528	2.402575279	2.181453305	3.641031992	3.949463372
chr3_87322484_C_A	1.858998655	5.822625317	4.601209278	16.54932494	1.430491332	0.410152019	2.601057209	2.607310551
