ID	CADD_splice	spliceAI	MMsplicing_abs	SCAP	Trap	RegSNPs	SPIDEX_dpsi_abs	SPIDEX_zscore_abs	BPP_diff_pct_abs	LaBranchoR_diff_abs	RNABPS_diff_abs	SVMBP_diff_abs
chr3_87322696_A_T	7.142065136	2.404401963	1.506952964	15.93718673	2.762279244	7.867875638	4.326564044	4.466871745	6.309780694	3.341763353	2.031337038	3.01514285
chr3_87322696_A_G	7.177298801	2.404401963	0.394609102	16.32083145	2.618990133	4.819233644	15.4694943	14.92524897	6.230492751	3.355716601	0.479176366	3.01514285
chr3_87322696_A_C	7.343860289	6.731025527	1.741434221	16.09184799	3.80282237	12.48199201	9.850616767	9.724636418	6.308401325	2.601920869	0.722603526	3.01514285
chr3_87322695_A_T	9.70650301	4.276175241	1.562084708	16.17129432	1.352680366	12.55692191	3.382351918	3.68288821	6.118168952	0.529551974	0.199744976	3.01514285
chr3_87322695_A_G	9.75807893	2.404401963	0.888457566	16.53341605	1.905431048	8.627810964	12.55111195	12.25922806	6.087913572	3.895986904	2.171629966	3.01514285
chr3_87322695_A_C	9.70650301	5.649388141	1.312333623	16.29325711	9.646599373	10.96394032	7.361400477	7.448386543	4.811410278	2.497448363	2.592531983	3.01514285
chr3_87322694_A_T	9.364453398	5.649388141	1.080717333	16.56256344	2.184417446	12.48199201	7.57760164	7.633376527	5.968956769	1.981656014	2.200990531	3.01514285
chr3_87322694_A_G	9.480272123	4.276175241	0.238774555	16.40462077	1.679715762	7.985990198	3.470421192	3.568378323	6.947633407	3.511511689	3.588974983	6.747778974
chr3_87322694_A_C	9.567018246	5.649388141	1.739507235	16.40462077	12.0164243	10.96394032	5.405169921	5.595218388	6.386328731	2.842250743	0.917058422	3.01514285
chr3_87322693_A_T	10.99223322	9.0577652	7.284748037	16.99260513	15.43552064	15.32415697	14.7195694	14.28309076	7.586847853	1.226751328	4.773471892	3.01514285
chr3_87322693_A_C	10.55294443	4.276175241	3.504274653	16.69620305	1.959306308	18.78592791	5.595218388	6.040976456	6.488620679	2.346967304	2.333692883	3.01514285
chr3_87322692_C_T	5.1835263	7.710779461	0.819716897	15.97533876	2.049403632	3.782730419	8.316900789	8.73740288	6.047465244	5.449078227	4.640888997	3.01514285
chr3_87322692_C_G	4.36253975	8.443565103	0.217688955	15.97533876	5.854413692	4.563608703	6.293257105	6.753887195	7.537150549	8.204483796	0.362219934	3.01514285
chr3_87322692_C_A	4.427341151	6.731025527	4.261516226	15.97533876	2.184417446	6.873176575	4.485866223	4.894267065	8.262490847	5.774408195	2.993231522	3.01514285
chr3_87322691_T_G	12.87027989	2.404401963	0.679752031	16.19810271	0.797559959	2.842250743	5.883080098	6.32913801	5.001132287	4.367829574	1.286221039	3.01514285
chr3_87322691_T_C	13.27609083	5.649388141	1.708791174	16.19810271	0.797559959	10.49831547	18.06793498	18.47979426	5.715055912	2.071183222	1.182041956	3.01514285
chr3_87322691_T_A	12.90163702	5.649388141	0.803379781	16.19810271	7.774097207	9.068167468	25.37948186	27.14039445	8.701361638	5.774408195	3.525295373	3.01514285
chr3_87322690_T_G	12.63316733	6.731025527	1.575050114	16.10498853	1.258539592	2.842250743	5.638736412	6.077439175	5.432137841	1.178231055	7.414450137	7.077380019
chr3_87322690_T_C	13.39432081	7.710779461	8.189570554	16.13138949	12.48771017	12.55692191	4.852641077	5.022619394	6.590435836	2.44104199	0.015192484	3.01514285
chr3_87322690_T_A	12.44217429	4.276175241	0.24730586	16.13138949	3.359211929	4.819233644	6.037087832	6.173967726	5.211290488	4.888296012	3.316067434	3.01514285
chr3_87322689_T_G	12.00105103	8.443565103	0.206507582	16.32083145	2.049403632	4.765730455	17.27612252	16.62145173	16.78763685	0.563953166	12.74706751	9.48886918
chr3_87322689_T_C	12.17322634	4.276175241	2.160471724	16.80306473	13.73900527	20.57130786	9.767244487	9.643625772	9.381210762	5.930860517	1.898930755	3.01514285
chr3_87322689_T_A	11.81089173	5.649388141	0.841595759	16.01382892	2.527949525	5.688669533	6.210220683	6.344408089	6.43575312	4.840820852	9.460278261	3.01514285
chr3_87322688_A_T	13.38024318	6.731025527	5.35394485	16.32083145	1.445304867	9.068167468	12.44784023	12.15728891	9.189619433	4.309122475	3.449663773	3.01514285
chr3_87322688_A_G	13.33132776	7.710779461	3.381648892	16.17129432	1.352680366	12.55692191	7.466354897	7.551816481	9.205714367	2.641458788	4.781227153	3.01514285
chr3_87322688_A_C	13.35921193	6.731025527	5.383938449	16.80306473	13.40137677	18.78592791	5.07940422	5.25219089	4.682421496	1.927001595	1.79915668	3.01514285
chr3_87322687_T_G	12.3193579	4.276175241	3.769643453	16.32083145	8.874663125	4.347586811	13.51585971	13.08154804	8.96779272	1.60950333	5.296756601	3.01514285
chr3_87322687_T_C	12.43086453	5.649388141	2.14669636	15.93718673	5.549815254	6.389137881	10.77474403	11.20838609	6.731025527	3.921384315	6.565488965	3.01514285
chr3_87322687_T_A	12.13085581	5.649388141	0.080442281	15.93718673	1.631058776	5.300035533	10.13069616	10.60826931	6.415915818	1.86112252	13.00997729	5.128524803
chr3_87322686_T_G	14.30042789	4.276175241	0.923838978	16.71130896	6.302888224	9.980361015	5.44116449	5.884330766	9.162926387	6.550880997	6.20887257	3.01514285
chr3_87322686_T_A	14.27444808	5.649388141	9.935620938	16.71130896	2.228933356	12.55692191	7.194177737	7.635248082	9.63768467	6.600749875	8.85726647	7.772164862
chr3_87322685_T_G	13.33132776	8.443565103	1.746737845	16.80306473	9.168251887	7.616568721	16.26585673	15.72710292	24.04736924	4.533260844	6.747778974	12.19456764
chr3_87322685_T_C	13.66334229	2.404401963	4.74739966	16.65119804	8.421074402	18.78592791	10.24525682	10.70586769	7.699365671	5.92833261	5.494578327	3.01514285
chr3_87322685_T_A	13.12771493	4.276175241	2.520448257	16.65119804	1.163864422	9.980361015	20.18423083	20.91586295	14.28309076	1.026429816	9.92609345	4.598819458
chr3_87322684_T_G	12.15728891	2.404401963	0.393195843	16.05266326	3.610410717	5.300035533	9.152294938	9.602207728	3.322997298	6.682652513	1.42778663	3.01514285
chr3_87322684_T_C	12.79593379	2.404401963	5.230616356	16.78763685	5.216650164	12.55692191	9.847500194	10.29332152	10.53465832	6.285018826	9.400843094	3.01514285
chr3_87322684_T_A	12.23756744	4.276175241	1.46199031	16.05266326	3.486234647	7.028269679	9.086431607	9.543716005	3.250097384	2.799621026	4.911229765	3.01514285
chr3_87322683_G_T	7.491636144	2.404401963	2.742210991	16.13138949	6.302888224	4.765730455	9.417741733	9.325602514	10.95589038	11.77675274	11.25121627	3.01514285
chr3_87322683_G_C	7.153777959	6.731025527	0.9322296	16.78763685	1.774324482	12.55692191	7.828554909	8.238764742	10.91188043	13.04236331	12.3691819	3.01514285
chr3_87322683_G_A	7.551816481	4.276175241	1.800133391	15.93718673	0.321027801	3.862091347	15.12012452	15.70304223	9.227267487	3.165673903	3.577193505	3.01514285
chr3_87322682_C_T	16.40462077	8.443565103	0.06174599	16.23862815	1.395629755	12.48199201	4.56176339	4.705244118	4.156902881	5.842008814	11.06997053	3.01514285
chr3_87322682_C_G	15.67911409	7.710779461	2.502038608	16.29325711	2.44104199	14.4867728	7.187418289	7.264075512	5.724690846	9.165588321	8.475249052	3.01514285
chr3_87322682_C_A	16.94443889	13.99848003	13.24873361	16.32083145	1.258539592	9.980361015	11.40008177	11.17865432	28.27982797	19.98679025	23.88650104	23.0293799
chr3_87322681_T_G	17.41622967	5.649388141	3.060605526	16.8340859	5.650573281	12.48199201	21.07823494	20.18423083	4.020412094	7.631505777	3.513685154	3.01514285
chr3_87322681_T_C	17.59796936	5.649388141	1.629180137	16.78763685	1.998494099	19.58751078	9.670461768	9.543716005	4.182186932	8.776179431	7.228133695	3.01514285
chr3_87322681_T_A	17.27612252	7.710779461	1.290127931	16.78763685	18.21516755	16.09184799	8.74464716	8.727762599	4.264960957	3.090742238	1.315827193	3.01514285
chr3_87322680_T_C	17.14039445	9.0577652	3.882554698	16.27953531	9.807186957	19.58751078	7.540812391	7.605399547	11.88496308	9.018977105	9.420564577	3.01514285
chr3_87322680_T_A	16.75694453	2.404401963	0.227878882	16.17129432	2.483135039	16.09184799	3.902322346	4.018783694	8.295054944	6.658666564	5.369471227	3.01514285
chr3_87322679_A_T	17.96574333	5.649388141	4.258074224	16.71130896	12.88279559	41.29012793	9.276156688	9.718583532	9.434706383	10.79019936	5.924543506	3.01514285
chr3_87322679_A_G	17.82659819	6.731025527	0.756269933	16.71130896	2.44104199	19.58751078	10.4586865	10.93182968	9.303557062	6.882610926	6.507349612	3.01514285
chr3_87322679_A_C	18.25816736	10.60455898	7.919530668	16.84967997	11.53580985	41.29012793	12.55111195	13.06844714	9.144338396	11.11979454	8.766452787	3.01514285
chr3_87322678_C_T	16.63629942	5.649388141	1.084857809	16.02673516	2.846598968	9.181594278	12.91424355	13.47975855	8.932319228	3.383758312	1.844807721	3.01514285
chr3_87322678_C_G	16.15795193	5.649388141	0.406994775	16.05266326	2.800235869	7.410893262	8.795698317	9.262521057	8.732580065	1.003602195	1.779182363	3.01514285
chr3_87322678_C_A	16.02673516	2.404401963	1.77238285	16.05266326	2.800235869	7.028269679	12.14140976	12.60956431	12.95865681	1.805020243	2.406647829	3.01514285
chr3_87322677_A_C	18.25816736	11.80111032	4.673893839	16.71130896	4.842788657	13.90232235	15.12012452	15.65531708	9.575788922	10.11741497	7.875782685	3.01514285
chr3_87322676_C_T	17.82659819	5.649388141	0.725272002	16.07874709	2.670604182	9.688445002	14.21442617	14.7195694	9.480272123	6.204830742	5.904390593	3.01514285
chr3_87322676_C_G	17.41622967	5.649388141	0.735580082	16.07874709	4.939313571	8.732580065	18.0063319	18.43455484	7.818780102	5.884330766	8.530108032	3.01514285
chr3_87322676_C_A	17.39846709	2.404401963	4.754144113	16.07874709	6.198102708	6.750832011	7.832471	8.238764742	13.28295715	8.94242498	7.379011794	3.01514285
chr3_87322675_A_T	22.04733507	14.21442617	2.425784735	16.80306473	6.302888224	16.09184799	20.95589038	21.74770284	24.66254961	12.62725454	14.99603194	7.533491792
chr3_87322675_A_G	21.42241059	10.13735202	7.152102764	16.80306473	2.44104199	16.09184799	19.41492072	20.18423083	8.434554841	6.590435836	2.715596761	3.01514285
chr3_87322675_A_C	22.04733507	8.443565103	11.860132	16.80306473	3.521663844	18.78592791	14.07202178	14.55991886	8.85726647	3.828458287	2.909196547	3.01514285
chr3_87322674_G_T	19.64659937	11.80111032	1.106868477	16.75694453	0.917456986	13.64836661	19.38681095	20.18423083	18.45711564	11.98573198	9.089047051	3.01514285
chr3_87322674_G_C	18.93484346	4.276175241	0.718032806	16.75694453	12.10982456	12.48199201	18.96016683	19.61695458	12.29739606	3.61856927	5.527866557	5.147485058
chr3_87322674_G_A	19.33113141	4.276175241	3.066485407	16.75694453	9.309057943	10.96394032	27.14039445	29.52921534	7.025015318	3.345944623	5.103372542	3.01514285
chr3_87322673_A_T	19.52921534	9.0577652	0.336690613	16.92850146	1.445304867	12.55692191	13.38727629	14.02285584	8.334456932	22.15198941	18.81039527	3.01514285
chr3_87322673_A_C	19.27615669	9.608100463	4.882333158	16.75694453	9.189619433	16.09184799	20.64554804	21.42241059	10.3875474	7.764444069	7.393152449	3.01514285
chr3_87322672_A_T	21.20412621	12.18922248	14.1134229	16.99260513	18.61841065	19.58751078	10.00613524	9.869363321	8.059670576	7.644617978	4.388167131	3.01514285
chr3_87322672_A_G	20.15069441	11.80111032	4.968593096	16.86533024	8.31033549	10.49831547	11.43137436	12.00105103	18.9096669	13.70100901	9.440376024	3.01514285
chr3_87322672_A_C	21.16175568	15.1835263	14.14683033	16.86533024	7.963723827	41.29012793	7.190796698	7.635248082	24.04736924	9.932442786	4.412163817	3.01514285
chr3_87322671_C_T	20.11741497	13.28295715	2.382565412	16.99260513	0.689574283	13.64836661	7.586847853	7.635248082	6.999067848	19.7979368	13.97424028	3.01514285
chr3_87322671_C_G	18.68941405	5.649388141	0.094929753	16.94443889	1.163864422	18.78592791	7.875782685	7.909549177	9.22456749	17.25892272	15.37948186	3.01514285
chr3_87322671_C_A	20.15069441	15.1835263	13.6783698	16.96043502	1.214783752	15.32415697	6.068294755	6.514574609	18.6419497	5.642284086	1.992874147	5.045244306
chr3_87322670_T_G	17.9859902	12.52217817	8.028818364	16.94443889	1.445304867	14.4867728	6.721914451	7.182355597	12.02156084	6.572811416	7.663418634	3.01514285
chr3_87322670_T_C	18.88463545	15.03700342	11.79622786	16.99260513	5.415263277	18.78592791	7.283021564	7.364917032	13.25555677	12.69274227	9.549529854	3.01514285
chr3_87322670_T_A	17.39846709	4.276175241	0.273000793	16.94443889	10.59714781	15.32415697	12.59194585	13.09468858	9.480272123	11.19987051	12.75923263	3.01514285
chr3_87322669_T_G	20.87620108	13.54495827	5.584698532	16.7264676	8.31033549	13.22832819	5.686278702	6.138014888	26.37651099	21.51289188	20.72107942	12.22677751
chr3_87322669_T_C	21.24691419	11.80111032	13.14765197	16.7264676	17.65400813	18.78592791	4.682421496	5.118026986	7.21112253	18.19382626	13.53766533	3.01514285
chr3_87322669_T_A	20.46227423	11.4448548	0.069280424	16.77226358	5.61515902	10.96394032	5.293480143	5.461543309	19.61695458	16.22507761	14.22295011	10.85257666
chr3_87322668_A_T	20.11741497	4.276175241	5.363919718	16.69620305	0.574621538	11.16175568	3.89915347	4.015528723	7.326390656	10.60455898	3.77425788	9.227267487
chr3_87322668_A_G	19.82884757	9.0577652	1.719325335	16.65119804	3.486234647	11.13234037	1.731327069	1.841847968	7.329878965	11.41346528	10.34891197	8.571711866
chr3_87322668_A_C	21.42241059	10.60455898	16.44712954	16.99260513	6.159284327	19.58751078	7.132050655	7.206032147	13.42261371	13.06844714	9.929266957	4.813364799
chr3_87322667_G_T	20.87620108	10.60455898	1.130665495	16.96043502	3.486234647	12.55692191	8.562432066	8.998430906	18.45711564	6.685660092	14.1217507	4.900246338
chr3_87322667_G_C	20.57130786	5.649388141	2.626072947	16.96043502	5.814842167	16.09184799	5.631649745	6.07351778	12.71077528	11.14912472	1.643289781	7.816827778
chr3_87322667_G_A	20.95589038	10.13735202	0.333205103	16.99260513	3.442528985	9.688445002	8.037024214	8.05760693	6.915793493	2.34198464	7.985990198	4.833940549
chr3_87322666_G_T	18.98563872	11.04527125	6.127419104	16.77226358	4.072845946	9.980361015	9.008691855	8.988194143	10.34891197	5.340680564	2.014371384	8.369783571
chr3_87322666_G_C	18.50259192	4.276175241	7.16888387	16.71130896	15.97533876	12.55692191	9.356098901	9.804101383	10.17750279	12.78366558	6.521811646	7.352621528
chr3_87322666_G_A	19.01126089	11.4448548	1.556539932	16.74167933	3.931744588	8.534711047	10.4586865	10.28987063	8.70614989	7.468155827	7.727956589	6.60222531
chr3_87322665_A_T	20.57130786	10.13735202	10.70966563	17.00877999	20.42652962	11.16175568	9.970734979	9.841273748	11.69017955	8.31252282	4.135108478	9.136396403
chr3_87322665_A_G	20.87620108	12.52217817	11.58201182	16.99260513	10.96394032	13.22832819	5.060738239	5.504881879	11.65224966	6.888911899	7.284748037	11.88496308
chr3_87322665_A_C	20.60826931	11.80111032	11.20838609	16.99260513	22.20527774	16.09184799	6.968455237	7.425138276	11.71884595	12.80823676	5.735555759	12.53372856
chr3_87322664_A_T	16.84967997	11.4448548	0.619791533	16.75694453	12.5395153	12.48199201	14.65311868	15.2478674	28.27982797	6.033202686	3.142991804	21.94514342
chr3_87322664_A_G	17.14039445	10.13735202	7.803186029	16.81854762	2.406647829	8.627810964	11.92499051	11.69017955	17.65400813	5.784175856	2.330380608	15.83705677
chr3_87322664_A_C	16.40462077	4.276175241	1.107284847	16.6811495	12.95865681	16.09184799	8.511744601	8.94242498	27.86590112	0.472695432	6.574277389	21.51289188
chr3_87322663_T_G	18.66561703	10.60455898	12.27009902	16.6811495	5.549815254	7.410893262	10.61941937	10.43009088	10.86437281	5.376142418	10.44079218	9.88190613
chr3_87322663_T_C	18.21516755	4.276175241	10.53830939	16.56256344	2.986807997	12.55692191	15.66719929	16.2522211	11.11145074	7.046212387	7.444801776	7.317682121
chr3_87322663_T_A	17.82659819	13.79276478	0.41444317	16.56256344	9.859979929	7.985990198	16.29325711	16.9126223	7.167202838	6.467110259	11.29882252	10.01260277
chr3_87322662_A_T	18.41211063	8.443565103	5.371693819	17.05766919	14.46867717	9.068167468	5.2273894	5.675536219	8.219448425	2.742210991	5.380595579	9.599264356
chr3_87322662_A_G	18.23661424	6.731025527	1.907433097	16.86533024	3.843287298	10.96394032	1.275819809	1.232318932	17.57944931	6.359732048	2.107202804	13.67084955
chr3_87322662_A_C	22.59781073	17.57944931	21.33377599	18.23661424	24.47771556	41.29012793	5.509469093	5.957492763	10.06796915	2.680761724	9.477410216	14.0885349
chr3_87322661_T_G	18.23661424	13.54495827	2.575566191	16.92850146	10.44794106	10.96394032	21.11979454	20.18423083	6.471403828	4.023670729	5.893095542	9.88190613
chr3_87322661_T_C	17.84620519	6.731025527	2.045784296	16.81854762	2.846598968	15.32415697	9.00355835	8.980532374	5.734347204	1.091490792	5.770750978	9.948356855
chr3_87322661_T_A	18.25816736	14.85560117	10.89202239	16.92850146	10.29677515	8.534711047	26.37651099	24.47771556	7.250348295	4.94535523	4.163630915	10.01260277
chr3_87322660_G_T	19.73676756	6.731025527	3.239199148	16.99260513	18.47979426	11.16175568	9.451737561	9.339437967	6.333297255	3.629719327	1.662647398	7.832471
chr3_87322660_G_C	27.31072784	19.33113141	23.655848	19.73676756	28.50259192	18.78592791	12.04216797	11.76704783	11.05760333	13.34524746	18.17258932	9.625826793
chr3_87322660_G_A	20.57130786	13.28295715	2.95546933	16.92850146	9.555351497	9.688445002	7.921529722	8.325669989	5.202728741	5.208077854	2.715596761	8.316900789
chr3_87322659_T_G	19.64659937	11.4448548	8.713342183	17.02501532	11.30753455	2.359726812	21.29012793	20.3210278	9.773365623	3.312606645	5.801322305	9.88190613
chr3_87322659_T_C	18.98563872	5.649388141	2.415642929	16.94443889	16.07874709	9.353317636	8.500306763	8.927275157	7.12871762	5.078365114	6.268589003	3.01514285
chr3_87322659_T_A	20.05161152	14.21442617	12.56273966	16.92850146	13.96619033	2.915506216	14.39703934	14.88531356	10.60085181	5.376142418	0.928631634	10.01260277
