ID	CADD_splice	spliceAI	MMsplicing_abs	SCAP	Trap	dbscSNV_ADA_SCORE	dbscSNV_RF_SCORE	RegSNPs	SPIDEX_dpsi_abs	SPIDEX_zscore_abs	maxscant_diff_abs
chr2_179407383_C_T	0.591656619	0.263908336	0.094384471	1.158857464	0.145281779	0.283494938	0.338200354	0.937386802	0.114671872	0.100171208	0.028385361
chr2_179442709_A_G	1.40785401	0.263908336	0.634011255	1.484827099	5.939316224	1.109265252	1.169955284	1.248444375	0.624200381	0.622567388	0.741741035
chr2_179486561_T_C	0.572246777	2.113664753	0.184957071	1.155164483	0.0842762	0.283494938	0.484378426	0.753503709	0.0741914	0.077070383	0.05122799
chr2_179469429_G_C	0.573860955	0.263908336	0.445018497	1.144104346	0.462292934	0.517718689	0.814505888	0.921616559	0.430935796	0.460719688	0.364274973
chr2_179495525_C_A	0.944414222	0.263908336	1.405898169	1.179225181	1.03143586	0.736709625	0.666875164	0.479636356	0.432498287	0.460719688	1.179225181
chr2_179647528_C_T	7.335553166	2.987724494	8.994274105	5.644129175	2.033849921	34.87138375	7.753311464	6.126565578	0.064129965	0.062694518	4.433832485
chr2_179473930_C_G	1.449131461	5.324135845	6.334401637	3.081614282	8.234374501	1.447156947	1.368903571	6.126565578	1.52081856	1.561162044	3.431872591
chr2_179638560_C_G	11.48681882	17.96942295	14.70105036	6.310139312	2.097584008	34.87138375	7.082639035	34.87138375	3.290775815	3.369962136	13.02446945
chr2_179421975_C_T	3.765486652	1.309212413	3.072994475	5.451303225	3.623082261	34.87138375	7.753311464	6.126565578	5.377483688	5.367735211	4.541169308
chr2_179480029_C_A	3.765486652	3.762121332	6.310139312	4.329084656	9.381351135	34.87138375	3.662355579	6.126565578	1.739040838	1.779341958	7.84707839
chr2_179665117_C_T	0.962032684	0.470167723	2.21142005	1.470910578	5.835058594	1.244674458	1.229627427	1.532882304	2.904096529	2.929016268	1.32261953
chr2_179496869_C_G	2.760178342	0.930370734	3.636133945	5.587425232	2.194973931	3.937166903	2.805823314	6.126565578	2.843776881	2.868351925	4.915031809
chr2_179566890_C_T	1.433360423	0.930370734	1.579439604	2.428612547	16.74225019	2.21142005	2.618290938	3.195257027	2.849225997	2.873831982	1.690750405
chr2_179506959_T_G	1.162553587	1.482836292	0.142357237	1.21463235	0.489125679	0.840178543	0.790680896	0.909390284	1.979955395	2.029333078	0.21755524
chr2_179602804_T_C	1.173660869	0.263908336	2.95687361	1.284422759	1.361155229	0.812799762	0.598145891	1.072891967	5.633764146	8.916421537	0.888510701
chr2_179650343_T_A	2.441003268	1.6409264	1.290130902	1.486818819	5.163267646	1.522826859	1.468926139	2.744182211	4.618325102	4.634744573	0.625833989
chr2_179665118_G_A	0.170220223	0.263908336	0.685056881	1.157010581	0.100171208	0.517718689	0.790680896	0.111767863	0.699989657	0.748458662	0.385866363
chr2_179470137_G_A	0.714973956	0.572246777	0.606271141	1.429426596	0.487542684	0.817920153	0.773742712	0.58355864	1.403943209	1.575371271	1.330299363
chr2_179470137_G_T	0.56579606	0.263908336	0.465441136	1.160705132	1.157010581	0.283494938	0.373515285	1.116576609	5.126266827	7.412831803	0.410674398
chr2_179646935_A_T	0.926866947	0.572246777	0.528889231	1.169955284	0.683400849	0.604644875	0.730010133	0.817920153	0.974408273	1.056622852	0.429373866
chr2_179410112_C_A	3.501009207	2.688655219	5.770478299	5.048671424	4.501104957	2.984910795	1.841584387	1.608025145	3.18052018	3.251717591	18.33925862
chr2_179566252_T_A	3.765486652	6.208510364	2.996176546	2.244500312	3.215972988	1.464959979	1.476869342	1.565217082	7.389503485	7.252105371	2.652027756
chr2_179664549_T_C	2.067876824	0.470167723	1.867603106	3.281731151	0.96733219	4.163619126	4.755679319	2.12057477	3.290775815	3.772225125	4.075953681
chr2_179472125_T_C	1.484827099	1.190375238	0.755186695	1.58962714	0.775433561	1.027849613	1.15147464	1.363091019	1.973265364	2.018061478	0.853932932
chr2_179392998_T_G	6.408012633	7.84707839	9.660002918	5.401951048	5.939316224	2.725594219	3.098905392	3.558405789	5.252429018	5.266675979	8.690902788
chr2_179463230_T_C	0.90416097	0.263908336	0.609525502	1.811424927	0.661929696	1.100143331	1.149630894	1.040414455	1.089222257	1.101966183	1.674078811
chr2_179650572_C_T	0.800875607	0.470167723	0.457574906	1.197824545	0.26992558	0.283494938	0.158466644	0.254898074	2.41872536	2.463396044	0.059825046
chr2_179504772_C_T	0.350451265	0.263908336	0.560964301	1.14778793	0.265411866	0.283494938	0.158466644	0.248901601	1.067462154	1.168103677	0.092938991
chr2_179566892_C_T	0.733358587	0.790680896	0.670175274	1.222123417	0.309242201	0.283494938	0.158466644	0.686713545	1.120236908	1.131236352	0.564184876
