ID	CADD_splice	spliceAI	MMsplicing_abs	SCAP	Trap	RegSNPs	SPIDEX_dpsi_abs	SPIDEX_zscore_abs	BPP_diff_pct_abs	LaBranchoR_diff_abs	RNABPS_diff_abs	SVMBP_diff_abs
chr2_179478016_C_T	11.03297409	9.0577652	9.440376024	16.99260513	1.85765668	0.644425009	0.555877364	0.511363888	10.50918643	2.499742879	0.479176366	3.01514285
chr2_179639942_G_T	5.533631784	7.710779461	7.770233377	16.9126223	10.65679434	3.252826222	6.999067848	7.080673872	5.10650862	0.476294757	0.816210909	5.368360357
chr2_179393959_C_A	6.631839778	6.731025527	4.813364799	16.99260513	17.61656872	7.307254878	1.963361345	2.08159297	0.978467935	3.300170587	0.563953166	6.915793493
chr2_179479494_G_A	9.69144946	5.649388141	3.653602226	16.99260513	5.650573281	5.700643471	4.238335483	4.367829574	4.563608703	0.886478373	3.058647333	4.169526507
chr2_179647343_A_G	12.83294775	2.404401963	8.084511129	16.96043502	3.704036505	5.171833136	1.17315505	1.128572812	3.208693674	0.627241479	0.125710956	4.012276189
chr2_179407305_A_T	9.514762932	6.731025527	12.16259489	16.99260513	16.13138949	10.26579087	2.017964625	2.139825029	4.775409409	0.280222701	1.354443103	10.33494751
chr2_179566987_C_T	11.06997053	2.404401963	7.597969357	16.92850146	0.743231502	6.873176575	4.583031979	4.731063749	3.658094928	0.523723495	2.317156711	6.253582739
chr2_179442640_C_T	0.614584164	2.404401963	0.605671748	16.86533024	4.757037802	4.347586811	0.935830549	0.999132263	5.370582381	0.280222701	0.813485985	3.01514285
chr2_179476904_A_C	10.48747166	2.404401963	3.184442639	16.92850146	14.65311868	3.862091347	2.051473179	2.021046914	6.333297255	0.745146465	1.412125074	6.210220683
chr2_179441158_A_C	10.35591108	4.276175241	1.322385223	16.96043502	17.52435836	9.688445002	6.110255901	4.844757353	2.072743094	3.176388961	2.544729961	5.961310737
chr2_179487510_A_G	6.527609971	2.404401963	5.314272914	17.3631584	2.670604182	6.873176575	15.88683318	15.31317607	22.59781073	6.971667474	9.755028038	11.73325043
chr2_179479091_C_T	2.151989407	2.404401963	1.132340367	16.81854762	1.163864422	2.663448429	1.868558647	1.836919523	2.863411594	1.436761514	1.496010105	3.01514285
chr2_179448649_G_A	12.63316733	2.404401963	36.51891538	16.81854762	2.892834179	3.576458223	2.388154069	2.565651453	2.623120371	4.468677168	3.029379904	4.169526507
chr2_179505373_A_G	0.947052635	9.0577652	10.84473033	17.02501532	5.310983219	3.862091347	21.20412621	20.25209072	5.811150756	0.800662894	1.370782434	3.01514285
chr2_179469641_C_G	0.921045702	2.404401963	0.735580082	16.86533024	5.894349098	2.017964625	8.032919351	8.055544263	7.618433046	0.816989773	0.663556129	5.632830053
chr2_179411246_C_A	0.156042863	2.404401963	9.000993871	16.94443889	8.606688792	5.80746248	7.648371604	7.701265887	4.866472123	2.375868503	1.679240734	5.933389897
chr2_179499595_A_G	12.00105103	2.404401963	8.710943428	16.9126223	1.631058776	3.037165287	0.005489021	0.024917676	7.691773108	12.20527774	18.21516755	18.13042448
chr2_179463400_C_T	0.999944636	2.404401963	15.36836036	16.80306473	7.915535318	2.131382903	4.201671551	4.622141095	2.03855466	6.860629235	0.514632127	10.77088877
chr2_179569154_C_T	2.969511785	2.404401963	6.12213089	16.99260513	4.220391169	6.873176575	13.42261371	13.00352897	4.563608703	3.526748835	3.883343679	5.185655717
chr2_179474317_T_C	7.276122523	4.276175241	2.681359967	16.92850146	9.420564577	6.389137881	11.22546751	11.79622786	3.99200286	8.651401163	1.717887353	3.01514285
chr2_179406331_A_G	7.160485211	2.404401963	11.46289405	16.86533024	2.527949525	1.463797987	2.361393862	2.533150311	15.91193698	4.881340144	8.713342183	28.50259192
chr2_179485740_C_A	1.027656116	17.46995751	17.15713029	17.71077946	8.52550989	3.142326474	0.838072071	0.785943659	14.30042789	12.22139258	16.53341605	3.522389907
chr2_179392495_C_T	17.50614892	5.649388141	3.352922363	16.9126223	3.80282237	11.16175568	1.897432068	2.024131392	4.744512384	5.419756754	2.496874923	18.23661424
