ID	CADD_splice	spliceAI	MMsplicing_abs	SCAP	Trap	dbscSNV_ADA_SCORE	dbscSNV_RF_SCORE	RegSNPs	SPIDEX_dpsi_abs	SPIDEX_zscore_abs	maxscant_diff_abs
chr3_87322494_T_G	3.290775815	2.253998281	2.559237275	2.251621841	2.61570662	2.792348451	3.843617606	6.126565578	10.59003581	10.33820035	1.638862753
chr3_87322494_T_C	1.259773803	0.790680896	0.478056816	1.244674458	0.661929696	1.067462154	1.0260576	1.363091019	4.418153967	4.461406831	0.652055622
chr3_87322494_T_A	3.290775815	2.113664753	2.776233609	2.549048544	2.549048544	2.50601114	4.28712351	1.447156947	11.16070513	10.92686695	3.087370339
chr3_87322493_T_G	1.413726824	0.87464654	0.468591622	1.218376268	2.61570662	1.370842819	1.382496524	1.276823554	9.073547789	8.807570104	0.275951172
chr3_87322493_T_C	1.653328916	0.930370734	1.175514847	1.21463235	2.232656986	1.674078811	1.411768337	1.674078811	4.313779108	4.367586192	0.406012084
chr3_87322493_T_A	1.60597707	0.900678255	0.847050293	1.24090781	5.416697903	1.971037641	1.674078811	1.674078811	5.531452116	5.496204835	0.535285322
chr3_87322492_C_T	1.876310768	1.020685991	1.015321019	1.58758772	3.682126227	2.079278629	1.579439604	3.504178083	6.238155154	6.155654399	0.946172855
chr3_87322492_C_G	1.835103991	1.160705132	1.382496524	1.40785401	2.741521907	1.398083602	1.394181584	6.126565578	6.829989431	6.728907797	0.778817234
chr3_87322492_C_A	1.653328916	0.930370734	1.2333843	1.667843427	3.752040991	1.701202744	1.181081537	2.744182211	7.350899277	7.244598117	0.97086879
chr3_87322491_T_G	0.648769247	0.263908336	0.184957071	1.131236352	0.170220223	0.283494938	0.457574906	0.775433561	1.297753449	1.449131461	0.35505428
chr3_87322491_T_C	0.655344486	0.470167723	0.110316586	1.144104346	0.259400869	0.283494938	0.158466644	0.946172855	0.845331336	0.845331336	0.105965664
chr3_87322491_T_A	0.678436537	0.87464654	0.897198331	1.131236352	1.051213329	0.283494938	0.158466644	0.557746113	4.34059932	5.32895866	0.029809511
