ID	CADD_splice	spliceAI	MMsplicing_abs	Trap	dbscSNV_ADA_SCORE	dbscSNV_RF_SCORE	SPIDEX_dpsi_abs	SPIDEX_zscore_abs	maxscant_diff_abs
chr2_179498051_G_C	0.985450678	0.679233235	0.448580194	0.142629498	1.19866191	0.876673817	0.756242529	0.733084852	0.053603302
chr2_179500029_G_A	1.137783097	1.873406775	0.862007886	0.828281416	1.046125856	1.20657977	0.066536668	0.076452942	0.479473136
chr2_179445334_G_A	0.795715961	0.679233235	0.441929435	0.42203805	0.713585883	0.683622265	0.311009354	0.298935549	0.398945999
chr2_179635400_C_T	0.873002689	0.679233235	1.515491425	0.343371239	0.829189507	0.78671317	0.552991031	0.592371443	0.470265772
chr2_179632880_G_A	1.282528278	1.156348983	0.89599832	0.255745687	1.24238987	1.276483817	0.206681284	0.190971573	0.96572493
chr2_179638094_T_C	0.783117273	6.840717044	0.408003239	1.957376101	0.615653443	0.50131391	1.351626659	1.347531472	0.738417982
chr2_179469623_G_A	1.233409625	0.679233235	0.622575851	0.413776787	1.054726696	1.076784319	0.99016052	0.97510697	1.404181621
chr2_179419877_C_T	1.094125293	2.527885069	1.178930187	2.587378394	1.080631889	1.20657977	0.139529055	0.130240986	0.339312791
chr2_179495668_G_C	0.721552155	1.397965573	0.311009354	0.039193798	0.713585883	0.692413654	1.69353259	1.696858393	0.210617607
chr2_179474711_G_T	0.750887479	0.679233235	0.154275911	0.349872654	0.641669564	0.590651806	0.01578571	0.020306472	0.4685938
chr2_179421869_G_T	0.894154182	0.679233235	0.301347626	0.209042649	1.034684502	0.796617268	0.169073011	0.187053008	0.427830299
chr2_179472039_C_T	0.894154182	0.679233235	0.722438199	0.284491152	1.034684502	0.796617268	0.278886835	0.306981022	0.147284316
chr2_179456229_G_A	0.718009786	0.679233235	0.085626566	1.117354828	0.616518141	0.532585615	0.169073011	0.187053008	0.061967551
chr2_179504514_T_C	0.03011763	4.897589359	0.542776339	0.823743807	0.363720563	0.324733701	4.159799639	4.173509059	0.089454636
chr2_179484838_A_G	0.916335689	1.576547519	0.071873386	0.633848351	0.592371443	0.588073625	0.641669564	0.62950931	2.035800765
chr2_179406310_A_T	0.447748292	0.679233235	0.418731659	0.18000849	0.278886835	0.482826114	0.451909397	0.440268336	0.427830299
chr2_179408841_T_C	0.004504351	1.873406775	0.225608257	2.575142824	0.363720563	0.464416687	0	0.00600684	0.738417982
chr2_179475115_G_T	0.004504351	0.679233235	0.198033911	0.187836439	0.130240986	0.185486572	0.005255531	0.011269649	0.491219903
chr2_179648512_C_T	1.164190005	2.458609633	0.971351722	0.502156138	4.278737556	2.306665734	2.686524116	2.706068099	2.65460586
chr2_179570084_C_A	1.137783097	1.576547519	3.872307842	1.594924662	2.760980436	2.995319104	0.912630895	0.88954726	4.674014372
chr2_179572540_T_G	0.838280874	2.022631246	1.444804257	0.34662073	0.586355688	0.523265078	2.291378144	2.316887438	1.483698129
chr2_179572540_T_C	0.814682788	2.220739088	1.41144494	0.489539847	0.452742097	0.285292359	2.239547886	2.396932088	1.497446657
chr2_179477303_T_C	0.750887479	0.679233235	1.010944721	1.18089933	0.394835308	0.296524811	0.858349128	0.900612094	0.646891542
chr2_179474713_T_C	0.838280874	0.679233235	1.793297485	0.910779682	0.582063816	0.643409526	0.270094636	0.298935549	1.556099965
chr2_179472808_G_T	0.814682788	1.397965573	1.408330601	0.496263974	0.522418747	0.427830299	0.85195371	0.897843241	1.88149958
chr2_179484839_T_C	0.502156138	1.156348983	2.683739284	1.011891824	0.534282409	0.520726581	1.321006474	1.405218494	2.238291429
chr2_179476681_T_C	0.004504351	0.679233235	2.501109738	2.542682169	0.130240986	0.207468263	0.338501556	0.375976083	2.53729557
chr2_179566255_C_G	8.594385355	8.698774886	7.191662444	4.678418982	37.62528522	2.937382603	6.204520614	6.164004868	4.220844076
chr2_179462635_C_A	6.55657978	3.947999764	10.22956178	3.202055667	37.62528522	7.784514885	1.705739674	1.710187135	11.93154613
chr2_179485442_C_T	2.514476769	1.397965573	4.419668423	3.104352734	5.775533317	3.661547949	0.849215697	0.831006258	1.970348926
chr2_179411327_C_T	4.091894271	7.125356655	8.851571766	6.273958711	37.62528522	37.62528522	4.216879726	4.242712922	9.902068157
chr2_179634406_G_A	1.058554766	1.156348983	1.681359721	2.672617781	1.440620302	0.983568171	1.767295134	1.917521537	2.489114487
chr2_179497645_C_T	6.55657978	6.160903872	4.96532152	9.953726564	37.62528522	6.06282332	2.178405001	2.204503761	6.111586722
chr2_179561848_C_G	4.091894271	5.150462618	10.57520563	3.934983006	37.62528522	2.937382603	16.58724801	16.10240178	12.68373928
chr2_179466729_C_G	6.55657978	5.691256194	7.295070778	3.7230016	37.62528522	9.522960045	0.883105769	0.860178122	7.793534504
chr2_179456705_G_A	0.663469353	0.679233235	1.754914047	2.034601884	0.424519497	0.456907991	0.438607871	0.481987627	3.525953991
chr2_179634787_T_G	0.673972247	0.679233235	1.588429728	4.157844678	0.571780596	0.596673519	0.89599832	0.874837865	1.059512311
chr2_179449800_C_T	0.838280874	0.679233235	0.093286082	2.687917202	0.58463843	0.471101999	0.667842472	0.726871133	0.806544003
chr2_179393256_G_A	1.373189971	1.397965573	1.533611481	1.12415358	1.735848797	1.276483817	0.018045503	0.024077372	0.408827562
chr2_179494029_T_G	0.636453857	2.220739088	0.741977043	4.702724511	0.789412049	0.899688947	7.633979812	7.629630342	2.947724712
chr2_179659127_T_C	1.028975108	0.679233235	2.770910414	7.564905674	2.385220769	3.374836479	1.410406579	1.405218494	1.761662991
chr2_179442330_G_A	0.276487197	0.679233235	2.057437401	0.286895217	0.382526528	0.476122745	0.212193135	0.233518905	2.452006402
chr2_179469436_C_G	0.795715961	1.156348983	1.444804257	0.662595257	0.56921359	0.564084127	0.524111573	0.57006909	2.816595988
chr2_179421576_A_G	0.004504351	0.679233235	1.900054246	0.610468868	0.130240986	0.387445855	0.366985321	0.356383817	0.896920683
chr2_179645849_T_G	0.795715961	0.679233235	0.065013095	6.479175382	0.743757669	0.9061551	0.42038454	0.410476677	1.223453305
chr2_179414298_A_G	0.489539847	0.679233235	1.484754165	0.891389443	0.130240986	0.312621734	1.166152474	1.153412246	1.249387366
chr2_179448335_A_G	0.489539847	0.679233235	2.588740032	0.912630895	0.473611646	0.466922473	0.277286929	0.254949911	1.808063625
chr2_179445050_A_G	0.349059445	1.397965573	1.869943041	0.404707511	0.278886835	0.296524811	0.445253542	0.434459485	2.029809669
chr2_179482508_A_G	0.838280874	0.679233235	1.246387059	2.449367917	0.452742097	0.164394794	2.022631246	2.177166107	0.036922977
chr2_179411329_T_C	1.416640472	1.397965573	1.153412246	2.59282751	1.540024889	0.971351722	1.668119025	1.676941669	2.738368241
chr2_179632743_G_C	0.413776787	0.679233235	0.76071012	2.906503231	0.278886835	0.306981022	0.623441928	0.6078789	1.898892254
chr2_179638567_T_C	0.95449317	1.576547519	1.367018092	2.836735549	0.633848351	0.653863962	2.224494336	2.245835632	1.808063625
chr2_179463477_A_G	0.721552155	0.679233235	0.96572493	2.218237391	0.336068761	0.185486572	1.205589247	1.290600669	0.036922977
chr2_179485444_T_C	0.894154182	0.679233235	0.572636601	2.818031435	0.542776339	0.422865042	0.370252536	0.360458257	0.105569477
chr2_179411732_A_G	1.233409625	0.679233235	2.430943275	2.510462338	1.001485024	0.876673817	1.615556268	1.730257262	1.548590858
chr2_179475722_A_G	0.838280874	1.397965573	2.861316957	2.403452048	0.452742097	0.312621734	2.830971852	3.02834546	1.651624722
chr2_179453267_A_C	0.894154182	1.156348983	1.51442789	2.538641594	0.555548463	0.519880745	0.67222	0.731308596	1.908196906
chr2_179442717_A_G	0.795715961	0.679233235	0.956363114	2.503779855	0.472774936	0.255745687	0.639060927	0.687136686	0.230352917
chr2_179423070_A_G	1.164190005	0.679233235	3.072267508	2.5805766	0.814682788	0.855607082	1.106692532	1.03944807	3.181713968
chr2_179408930_A_G	0.70739998	1.156348983	3.553076295	2.307942132	0.394835308	0.387445855	0.259726753	0.286895217	3.311647583
chr2_179453267_A_G	0.894154182	1.397965573	3.076836624	2.001166895	0.502998528	0.375157971	2.032205115	2.178405001	4.113121771
