ID	CADD_splice	spliceAI	MMsplicing_abs	SCAP	Trap	dbscSNV_ADA_SCORE	dbscSNV_RF_SCORE	RegSNPs	SPIDEX_dpsi_abs	SPIDEX_zscore_abs	maxscant_diff_abs
chr2_179658271_G_A	4.715012621	4.006720904	4.26457842	5.573092691	12.89249694	5.599631938	0.991153579	5.056950214	4.671798883	4.721221263	1.701611668
chr2_179569137_G_A	6.731466256	5.479612008	3.879474554	5.703544304	5.730895374	5.715245105	5.490724027	5.398981181	2.4730129	2.530783024	3.611520915
chr2_179404696_G_T	9.318875592	8.217492804	8.252376083	6.496135838	9.160613127	6.491463492	6.633867883	7.460563622	1.434130337	1.432673217	5.923234325
chr2_179476001_G_A	5.176035676	2.325595214	3.977829117	5.607244464	3.765811471	3.996192548	3.775795256	5.337684969	7.63323256	7.554979184	2.502733767
chr2_179444123_G_A	3.841255374	2.325595214	4.159591181	5.52797078	4.395160454	3.48349908	4.918228396	2.026559498	1.088303324	1.066823491	3.876916118
chr2_179414599_A_G	0.702238381	2.325595214	5.359220277	5.453794001	2.726478838	1.553810824	3.547038284	2.408699024	1.901431887	2.073583335	4.253406852
chr2_179449699_C_T	3.481163535	2.325595214	0.875577289	5.40624971	0.241217084	3.831120142	3.343280691	1.924212466	0.97670117	0.955764969	0.638675994
chr2_179566976_G_A	0.13727466	1.006974889	1.123436236	5.395351474	0.078215284	1.553810824	0.991153579	0.844930095	0.177462257	0.17200972	2.831755466
chr2_179470444_T_C	2.771851829	2.325595214	0.574834579	5.428128571	0.050573437	3.738473817	3.39104333	5.645508543	4.54169746	4.592668057	0.356796394
chr2_179603091_C_T	4.699529735	1.006974889	1.822627911	5.439109474	0.241217084	4.035806183	2.082034291	4.200730846	5.794066594	5.802027998	0.166564021
chr2_179462550_G_A	3.841255374	2.325595214	1.586894359	5.413530424	0.083551254	2.757992408	1.410874887	2.866071267	5.000266061	5.439109474	3.069359854
chr2_179483222_A_C	4.043772456	1.805132047	1.229182726	5.402613925	0.294696814	3.48349908	3.39104333	6.841420099	5.370028108	5.794066594	0.588007729
chr2_179444124_T_C	3.504575694	1.006974889	0.652044521	5.402613925	0.078215284	2.757992408	0.991153579	1.6111144	0.475535924	0.507206425	0.227949422
chr2_179566318_G_T	3.599507229	1.805132047	1.226403241	5.402613925	0.645962816	2.757992408	2.491564593	4.721221263	1.437046043	1.553810824	1.23196399
chr2_179649083_A_G	1.124793194	1.805132047	0.496623909	5.40624971	0.526083694	1.553810824	1.904678948	4.289820018	0.97145765	0.950546651	0.638675994
chr2_179659283_A_G	4.818607832	1.006974889	0.572443748	5.703544304	1.04012224	4.88261702	4.973845022	3.740951959	2.596944508	2.640977387	4.239482682
chr2_179406316_A_G	1.081579457	1.006974889	0.607240287	5.391724797	2.436145575	1.553810824	0.991153579	2.251082078	0.086755985	0.094242901	0.166564021
chr2_179472047_A_G	5.107587533	1.805132047	3.176863977	5.479612008	3.11633415	4.035806183	4.644243977	3.443964637	1.515034273	1.523952028	1.495775063
chr2_179452533_A_G	4.270174999	3.84887235	3.30499677	5.417175363	0.22463883	2.757992408	2.252841424	3.073609311	3.220621978	3.247089982	0.94924305
chr2_179473210_A_T	4.377903697	1.006974889	5.179486566	5.417175363	4.921480321	5.094026414	5.479612008	4.74927052	3.558907504	3.841255374	2.474864507
chr2_179470446_G_C	1.380539876	1.805132047	0.809446251	5.428128571	8.982980108	4.167787997	5.196782268	6.491463492	6.605011001	7.054072412	2.966526204
chr2_179623905_A_G	0.578423296	1.006974889	0.222433169	5.402613925	0.241217084	1.553810824	1.410874887	3.112042702	3.755850584	4.08382449	0.283500765
chr2_179494176_C_T	5.348439274	1.805132047	1.356137213	5.417175363	0.876858961	4.973845022	4.743021678	5.158822238	2.419656838	2.602662671	2.114298741
chr2_179565936_G_A	4.653409534	1.805132047	3.949128266	5.40624971	1.175301058	1.553810824	2.390497216	0.262307465	3.51868381	3.800855596	2.198630416
chr2_179402650_C_A	0.677681093	1.805132047	5.894648783	5.402613925	3.379623537	1.553810824	4.743021678	3.289330372	9.409356881	10.60122096	5.633993879
chr2_179569511_G_C	5.050242962	3.236042037	4.659530669	5.402613925	8.445746044	4.583629667	4.586640374	5.235077019	3.336500135	3.379623537	0.314922725
chr2_179480218_C_A	3.129233995	1.805132047	3.485835881	5.384480517	3.359143277	2.757992408	4.2283754	4.02256145	0.901282868	0.953155026	2.167460822
chr2_179572547_T_A	4.523849716	2.945835623	4.441516543	5.391724797	7.431474801	3.635648448	2.6045704	1.054787608	2.39413148	2.443494045	3.088515241
chr2_179393954_A_G	4.990339325	3.84887235	2.943771976	5.391724797	0.22463883	2.757992408	1.683052047	2.36875527	0.003143645	0.006289566	0.36932358
chr2_179606656_G_T	5.28430931	5.398981181	4.306729623	5.695761246	4.799587605	4.292633717	4.363575262	5.259623402	4.453183292	4.50311963	4.369300965
chr2_179495679_G_C	13.38875697	15.53171309	10.4359803	9.186592934	8.609931895	8.42383038	23.16599302	7.460563622	2.478570092	2.693244347	9.169255806
chr2_179569143_G_C	7.59694033	6.938673369	7.928528353	10.93882831	5.695761246	7.543064376	10.54148212	5.997615788	11.39062802	11.16570036	10.82335178
chr2_179642053_G_A	3.667215981	1.006974889	0.099598611	5.428128571	1.23613923	1.553810824	1.683052047	2.835778574	2.046650258	2.19515606	3.943930247
chr2_179572549_G_A	2.799704067	1.805132047	1.353275305	5.461154927	1.491342733	3.24266743	3.775795256	2.574146845	1.476600883	1.594448622	4.165054006
chr2_179647163_A_G	5.417175363	4.674871359	3.03551306	5.442775954	0.515455136	4.812258496	4.941043168	3.669653783	4.035806183	4.11613421	0.118934039
chr2_179474722_C_T	0.534368371	1.006974889	0.445255146	5.380862904	0.241217084	1.553810824	0.991153579	4.459028441	0.887125975	0.866616162	0.531999708
chr2_179476007_T_C	1.726481857	1.006974889	1.423940752	5.373636704	2.124537515	1.553810824	3.775795256	3.808401983	2.309520138	2.512063405	0.568859967
chr2_179403988_T_C	2.714719955	1.006974889	0.258970588	5.366422508	3.718699418	2.757992408	2.390497216	1.213917526	0.331849906	0.349978583	1.835396593
chr2_179477810_A_G	2.589331982	4.963978426	4.398043259	5.417175363	3.365959305	3.876916118	3.775795256	1.669184196	2.458228393	2.508329145	0.896129566
chr2_179572551_A_G	3.043950061	3.84887235	3.689205622	5.509307473	2.205587478	4.12154261	3.133542473	1.390628022	6.344542257	6.353580647	1.835396593
chr2_179569515_A_G	5.850105369	2.669936895	3.694107366	5.391724797	2.436145575	3.996192548	4.941043168	1.589914487	1.789287649	1.94055778	0.497798472
chr2_179478675_G_A	1.230573135	2.945835623	3.833651734	5.370028108	1.993280064	1.553810824	3.86669742	0.858949885	1.230573135	1.211147791	0.256747427
chr2_179480222_T_C	4.644243977	1.006974889	0.652044521	5.384480517	0.645962816	2.757992408	2.252841424	5.464840073	0.725697131	0.682581454	0.454549841
chr2_179638848_T_C	0.356796394	1.006974889	0.375029723	5.366422508	0.964912141	1.553810824	3.547038284	4.872955293	2.585530717	2.835778574	2.297058308
chr2_179499368_A_C	7.054072412	3.84887235	5.28784735	5.997615788	8.231412511	9.40022345	8.358739231	6.624227602	4.53276442	4.586640374	5.618688331
chr2_179638464_T_C	2.119415111	1.006974889	0.778007394	5.373636704	3.307239448	1.553810824	1.683052047	4.921480321	7.145393108	7.10755763	1.970135271
