ID	CADD_splice	spliceAI	MMsplicing_abs	Trap	dbscSNV_ADA_SCORE	dbscSNV_RF_SCORE	SPIDEX_dpsi_abs	SPIDEX_zscore_abs	maxscant_diff_abs
chr17_78081601_C_T	0.011269649	1.156348983	0.813777725	0.003002382	0.288498668	0.265306384	0.34499568	0.337690473	1.290600669
chr1_12422904_C_T	30.63558518	3.705354502	3.019313335	6.652712128	2.779439932	2.521175744	31.60468531	28.08286013	2.602379945
chr9_34658680_G_A	1.189771539	8.290412346	8.503064659	3.625088874	5.775533317	37.62528522	11.90819691	11.79329748	8.058799432
chr17_19251097_C_T	4.091894271	3.705354502	4.888329345	8.205204694	5.775533317	5.091905171	2.26854719	2.291378144	5.43206014
chr2_71909660_G_A	0.591511539	2.287564641	1.533611481	0.597534445	2.728512308	1.626454504	2.475825171	2.506451615	1.043262691
chr1_181731712_C_T	0.406355062	1.156348983	0.908004342	0.084861357	0.491219903	0.547029541	4.111187705	4.120866659	0.11557538
chr9_130438221_G_C	17.29104767	12.27234402	6.663139371	3.279596184	37.62528522	37.62528522	1.472098658	1.464733275	8.777331585
chr8_15508323_G_A	1.397965573	8.290412346	8.073219849	12.81085894	5.775533317	9.522960045	1.63956859	1.652722395	10.13565661
chrX_147009911_G_A	1.397965573	7.484282009	5.663523374	10.67923324	37.62528522	37.62528522	2.692099142	2.711668286	8.131385158
chr2_32353477_G_C	4.091894271	2.588740032	2.396932088	1.636286354	5.775533317	4.214898908	4.423822363	4.444651875	1.241391148
chr16_3789725_C_A	0.594952177	3.705354502	3.633741885	1.544305761	0.749103929	0.775934398	3.138222025	3.173915537	2.921180315
chr2_228118354_G_A	1.33628958	11.26040626	10.69681603	11.29060067	37.62528522	37.62528522	8.230092698	8.200244163	7.921816462
chr4_119649805_T_C	0.646891542	1.156348983	1.444804257	0.22165833	0.462746966	0.367801895	0.818304927	0.867501808	2.416521408
