ID	CADD_splice	spliceAI	MMsplicing_abs	SCAP	Trap	dbscSNV_ADA_SCORE	dbscSNV_RF_SCORE	RegSNPs	SPIDEX_dpsi_abs	SPIDEX_zscore_abs	maxscant_diff_abs
chr3_87322658_A_T	8.804366551	4.752398316	4.730550901	5.417175363	6.440396743	6.63869606	6.633867883	6.468176869	8.609931895	8.54950734	2.908839182
chr3_87322658_A_G	6.85663183	4.377903697	2.851908378	5.391724797	1.978387117	4.996954627	5.036859455	4.944312227	6.510183111	6.505495636	0.649610816
chr3_87322658_A_C	13.12277928	6.241930673	8.54950734	9.109115154	11.31907871	36.17629298	11.97673549	7.65759697	10.874296	10.63746271	6.557338241
chr3_87322657_A_T	9.974932428	5.565539741	6.001785682	5.611055737	10.15569306	12.71276323	11.29078581	4.872955293	9.21272909	9.126213384	4.752398316
chr3_87322657_A_G	8.804366551	4.568607359	3.652617833	5.417175363	7.560948869	7.961157694	6.766150541	2.981068487	8.579614531	8.489911965	2.80369758
chr3_87322657_A_C	9.318875592	5.28784735	4.340747641	5.535458618	10.95185064	12.71276323	8.796419714	4.616862798	9.160613127	9.083593368	4.067759324
chr3_87322656_A_T	10.24343231	4.62597069	4.547663044	5.49443436	9.239023488	11.19318744	8.027161165	8.504734317	8.820303981	8.764776989	3.956936979
chr3_87322656_A_G	8.804366551	3.432405022	1.999915581	5.417175363	3.129233995	6.417381614	5.726977516	4.081142832	7.501618099	7.448904703	3.037620774
chr3_87322656_A_C	9.722070284	4.165054006	3.972596653	5.417175363	11.97673549	9.239023488	6.975059715	7.283275953	9.195287521	9.109115154	0.799361034
chr3_87322655_A_T	9.109115154	5.680236852	4.730550901	5.676364408	5.821995596	7.345359392	7.712921856	5.573092691	8.564534846	8.47514003	4.809087306
chr3_87322655_A_G	6.85663183	3.432405022	2.521413129	5.417175363	1.690775586	5.384480517	5.128008941	4.517916731	6.189341394	6.184987565	0.283500765
chr3_87322655_A_C	9.109115154	5.479612008	5.344851546	5.453794001	5.870295758	6.581109208	7.139967817	5.323387195	4.73366524	5.169142112	3.701470371
chr3_87322654_G_T	6.326521713	4.006720904	3.388756968	5.439109474	6.682392911	5.931436301	6.014319442	5.592032733	4.380775066	4.441516543	3.918033063
chr3_87322654_G_C	6.184987565	1.006974889	2.769869202	5.435446087	9.40022345	5.894648783	5.862208335	6.120198524	7.294498038	7.954612184	3.803369602
chr3_87322654_G_A	5.738741708	4.272975996	0.796843385	5.388101147	2.065148792	5.023517064	4.954134195	4.497214878	5.442775954	5.854135945	1.389185422
chr3_87322653_A_T	6.99598961	5.087261701	5.672495415	5.719152388	8.678929822	6.949038398	7.402579519	5.155387722	7.460563622	7.396823461	4.724328916
chr3_87322653_A_G	5.546714637	2.945835623	2.284632134	5.417175363	2.943771976	4.941043168	4.665660444	4.50607502	2.247565524	2.288178843	0.227949422
chr3_87322653_A_C	6.806131903	4.963978426	5.235077019	5.550473135	11.36186669	6.547866166	6.505495636	6.060588542	5.798045472	5.80601418	3.73352177
chr3_87322652_A_T	4.568607359	6.010137502	1.861047136	5.442775954	5.148526829	5.134837472	5.468528349	5.450118212	11.87877018	11.62784438	1.798787349
chr3_87322652_A_G	4.320871429	2.945835623	0.084619235	5.417175363	2.423315595	3.941333568	4.629010903	4.647297014	6.344542257	6.353580647	0.717039684
chr3_87322652_A_C	4.559618853	5.898720931	2.043295337	5.461154927	6.440396743	5.124598698	5.442775954	6.841420099	7.070048929	7.669830626	3.278174586
chr3_87322651_T_G	5.561768187	5.707441069	5.179486566	5.417175363	5.298478799	4.372166649	3.39104333	5.151955921	3.689205622	3.750878695	1.142472343
chr3_87322651_T_A	5.676364408	6.010137502	6.472824215	5.417175363	7.431474801	4.50311963	3.343280691	5.155387722	6.228723532	6.716685942	3.537566209
chr3_87322650_G_T	4.761795244	4.752398316	4.453183292	5.417175363	0.526083694	3.48349908	2.78575562	5.611055737	4.346443308	4.400927978	3.35233793
chr3_87322650_G_C	6.605011001	6.27734734	3.768305266	5.726977516	5.927333377	6.629045068	6.633867883	6.959428223	3.805885064	3.864146498	5.155387722
chr3_87322650_G_A	4.721221263	3.432405022	0.17200972	5.40624971	0.069691347	4.332218123	3.39104333	4.616862798	2.478570092	2.693244347	1.678424508
chr3_87322649_G_T	6.806131903	6.047920731	5.592032733	8.060542919	10.29918333	17.98085362	7.651493041	6.376259262	9.558166122	9.418509561	6.08178402
chr3_87322649_G_C	7.385334183	6.27734734	8.308778756	9.68294439	13.69656031	17.98085362	7.66370949	8.655808499	13.1013326	12.73237024	17.14539311
chr3_87322649_G_A	5.461154927	4.165054006	0.156778936	5.52049583	4.715012621	5.453794001	5.28430931	5.294932091	3.664779546	3.72610427	2.245808313
