ID	CADD_splice	spliceAI	MMsplicing_abs	Trap	dbscSNV_ADA_SCORE	dbscSNV_RF_SCORE	SPIDEX_dpsi_abs	SPIDEX_zscore_abs	maxscant_diff_abs
chr3_87322646_A_T	1.3731899706511888	3.6528394143661354	2.101036767429144	1.2855536665732625	0.8192109345521198	0.7867131704665347	4.565326396761952	4.902226780449134	0.7930131640556501
chr3_87322646_A_G	0.8941541820876618	3.013302338245066	0.9256115253849573	0.7065169988766853	0.7669724782093632	0.775037373412858	1.417680324527941	1.506990429486261	0.871168287321365
chr3_87322646_A_C	0.8941541820876618	4.366025666755337	3.1676868595836885	1.505928974068773	0.5820638162476444	0.6277749075748557	6.765248168286179	7.279000658216795	1.864176283261601
chr3_87322645_G_T	0.4419294353849317	1.8734067751933883	0.11634602064874514	0.5606678481564515	0.5122756253083419	0.41460220649840784	3.0343773284641347	3.2319582861673717	0.98356817085069
chr3_87322645_G_C	0.46024358673782917	3.0814105530004476	0.8382808744869562	0.41212641841100794	0.4088275615725364	0.26450885443054073	2.2622265009596623	2.429630215664908	0.15738690294387642
chr3_87322645_G_A	0.4619123455745119	2.5887400320404064	0.9080043420744182	0.6897743685108639	0.4088275615725364	0.1643947939079966	2.389121033926291	2.4060627756349944	0.16361558069714452
chr3_87322644_G_T	0.41625351633542507	1.576547518943641	0.5266520500660057	0.3718870653726269	0.3425592455198281	0.49626397399777167	2.101036767429144	2.1327996559294387	0.871168287321365
chr3_87322644_G_C	0.5164990476182693	2.0226312458428515	0.5072129340580888	0.4752855503495739	0.5105874057267208	0.4071790723445324	7.1486432784544	7.660168502928212	0.47026577153715937
chr3_87322644_G_A	0.37843134209640367	1.7380874284694339	0.2509732193241738	0.26610405915702795	0.4669224728200606	0.5300416657065878	5.778370916294011	5.809707485842135	0.9657249299304311
chr3_87322499_G_T	1.622091926953387	0.6792332351343117	0.1690730114006147	0.8364610777626409	1.60794374186895	1.9928482130660177	1.6824649363519373	1.809201564149423	0.2509732193241738
chr3_87322499_G_C	1.8240219703541738	1.8734067751933883	1.8366019378097123	2.956609020928904	1.4889808752175933	0.9638509515544145	7.954487883025028	7.9218164621690645	1.0346845020606157
chr3_87322498_T_G	0.6468915422863686	1.576547518943641	0.09635367562406083	6.891768200600989	2.2020113967302555	2.3995388975582306	3.9929271796330603	4.004232031532268	0.9554280411733928
chr3_87322498_T_C	0.6827441042172139	2.1352526042121207	0.8702513771904317	6.804615881618869	2.343834441938934	3.661547949104934	3.6825199567917846	3.9891654255485554	1.3917584090900785
chr3_87322498_T_A	0.663469352784761	2.0226312458428515	1.3834959669897753	6.4791753821482665	2.2257468079060314	1.2684375989977732	5.946207124455198	5.943257756043689	2.0634667579408865
chr3_87322497_C_T	11.46578470790599	3.337460109500454	5.310589320163186	6.406405373433187	5.775533317487388	4.276728328297083	7.9218164621690645	7.89862930180889	4.531112966688599
chr3_87322497_C_G	11.46578470790599	3.7710100764186927	5.148006895372768	3.1599135537335608	5.775533317487388	3.661547949104934	12.71166828612727	12.506451614681255	4.669614224845208
chr3_87322497_C_A	11.46578470790599	4.436308078195131	7.006992151523008	5.077388350497899	5.775533317487388	4.833180098456048	11.161247962239303	11.083519805690393	7.219261823329268
