ID	CADD_splice	spliceAI	MMsplicing_abs	Trap	dbscSNV_ADA_SCORE	dbscSNV_RF_SCORE	SPIDEX_dpsi_abs	SPIDEX_zscore_abs	maxscant_diff_abs
chr3_87322646_A_T	1.373189971	3.652839414	2.101036767	1.285553667	0.819210935	0.78671317	4.565326397	4.90222678	0.793013164
chr3_87322646_A_G	0.894154182	3.013302338	0.925611525	0.706516999	0.766972478	0.775037373	1.417680325	1.506990429	0.871168287
chr3_87322646_A_C	0.894154182	4.366025667	3.16768686	1.505928974	0.582063816	0.627774908	6.765248168	7.279000658	1.864176283
chr3_87322645_G_T	0.441929435	1.873406775	0.116346021	0.560667848	0.512275625	0.414602206	3.034377328	3.231958286	0.983568171
chr3_87322645_G_C	0.460243587	3.081410553	0.838280874	0.412126418	0.408827562	0.264508854	2.262226501	2.429630216	0.157386903
chr3_87322645_G_A	0.461912346	2.588740032	0.908004342	0.689774369	0.408827562	0.164394794	2.389121034	2.406062776	0.163615581
chr3_87322644_G_T	0.416253516	1.576547519	0.52665205	0.371887065	0.342559246	0.496263974	2.101036767	2.132799656	0.871168287
chr3_87322644_G_C	0.516499048	2.022631246	0.507212934	0.47528555	0.510587406	0.407179072	7.148643278	7.660168503	0.470265772
chr3_87322644_G_A	0.378431342	1.738087428	0.250973219	0.266104059	0.466922473	0.530041666	5.778370916	5.809707486	0.96572493
chr3_87322499_G_T	1.622091927	0.679233235	0.169073011	0.836461078	1.607943742	1.992848213	1.682464936	1.809201564	0.250973219
chr3_87322499_G_C	1.82402197	1.873406775	1.836601938	2.956609021	1.488980875	0.963850952	7.954487883	7.921816462	1.034684502
chr3_87322498_T_G	0.646891542	1.576547519	0.096353676	6.891768201	2.202011397	2.399538898	3.99292718	4.004232032	0.955428041
chr3_87322498_T_C	0.682744104	2.135252604	0.870251377	6.804615882	2.343834442	3.661547949	3.682519957	3.989165426	1.391758409
chr3_87322498_T_A	0.663469353	2.022631246	1.383495967	6.479175382	2.225746808	1.268437599	5.946207124	5.943257756	2.063466758
chr3_87322497_C_T	11.46578471	3.33746011	5.31058932	6.406405373	5.775533317	4.276728328	7.921816462	7.898629302	4.531112967
chr3_87322497_C_G	11.46578471	3.771010076	5.148006895	3.159913554	5.775533317	3.661547949	12.71166829	12.50645161	4.669614225
chr3_87322497_C_A	11.46578471	4.436308078	7.006992152	5.07738835	5.775533317	4.833180098	11.16124796	11.08351981	7.219261823
