ch_name	pos	ref	alt	label	CADD_splice	spliceAI	MMsplicing_abs	SCAP	Trap	dbscSNV_ADA_SCORE	dbscSNV_RF_SCORE	RegSNPs	SPIDEX_dpsi_abs	SPIDEX_zscore_abs	maxscant_diff_abs
chr3	87322658	A	T	control	23	0.18	0.90704322	0.016651747	0.416	0.9767	0.714	0.964125561	6.1401	2.629	0.95
chr3	87322658	A	G	control	21.1	0.12	0.491735755	0.012888667	0.142	0.0162	0.168	0.799103139	3.9949	2.347	0.21
chr3	87322658	A	C	control	24.9	0.51	2.332426438	0.799598111	0.554	1	0.962	0.984753363	8.8143	2.844	4.17
chr3	87322657	A	T	control	23.5	0.32	1.337545128	0.066141055	0.52	0.9998	0.958	0.773991031	6.8511	2.69	1.78
chr3	87322657	A	G	control	23	0.14	0.653761716	0.018256942	0.453	0.9982	0.746	0.400896861	6.0922	2.626	0.91
chr3	87322657	A	C	control	23.2	0.26	0.800074089	0.044843121	0.546	0.9998	0.924	0.697757848	6.7468	2.683	1.43
chr3	87322656	A	T	control	23.6	0.15	0.856515007	0.03511582	0.496	0.9997	0.898	0.991928251	6.3258	2.646	1.38
chr3	87322656	A	G	control	23	0.06	0.3482754	0.017416603	0.226	0.9506	0.446	0.59103139	4.986	2.498	0.99
chr3	87322656	A	C	control	23.4	0.1	0.718129145	0.017998384	0.569	0.9993	0.782	0.979372197	6.8222	2.686	0.26
chr3	87322655	A	T	control	23.1	0.35	0.906676003	0.08537027	0.384	0.9956	0.882	0.903139013	6.0698	2.623	1.83
chr3	87322655	A	G	control	21.1	0.06	0.438082873	0.019877618	0.121	0.1391	0.184	0.676233184	3.6974	2.292	0.09
chr3	87322655	A	C	control	23.1	0.3	1.086417003	0.027774915	0.386	0.9736	0.804	0.87264574	2.4671	2.107	1.27
chr3	87322654	G	T	case	19.02	0.09	0.597196134	0.026099046	0.428	0.7215	0.554	0.904932735	2.2253	1.967	1.36
chr3	87322654	G	C	case	18.51	0	0.478191138	0.024463874	0.502	0.6888	0.496	0.948878924	4.8071	2.56	1.31
chr3	87322654	G	A	case	16.78	0.11	0.157499457	0.012201551	0.149	0.0187	0.15	0.674439462	3.0472	2.243	0.43
chr3	87322653	A	T	control	21.5	0.23	1.198607875	0.096893985	0.479	0.9896	0.848	0.843049327	4.9384	2.491	1.76
chr3	87322653	A	G	case	16.22	0.04	0.395665354	0.016713092	0.216	0.0129	0.114	0.675336323	0.8836	1.4	0.07
chr3	87322653	A	C	case	20.8	0.21	1.04387346	0.048029548	0.556	0.9682	0.688	0.943497758	3.3638	2.232	1.28
chr3	87322652	A	T	control	13.69	0.44	0.325495301	0.026897038	0.336	0.0329	0.318	0.887892377	10.4108	2.928	0.57
chr3	87322652	A	G	control	12.94	0.04	0.020930767	0.02065335	0.176	0.0008	0.11	0.70941704	3.8417	2.32	0.23
chr3	87322652	A	C	control	13.66	0.41	0.355240013	0.029801879	0.416	0.0287	0.31	0.97309417	4.5428	2.521	1.08
chr3	87322651	T	G	case	16.26	0.36	1.029573671	0.020463175	0.345	0.0024	0.038	0.842152466	1.6788	1.789	0.37
chr3	87322651	T	A	case	16.6	0.44	1.553905991	0.017861247	0.45	0.0033	0.036	0.843049327	3.7328	2.383	1.18
chr3	87322650	G	T	case	14.27	0.18	0.832622908	0.018456511	0.053	0.0003	0.02	0.908520179	2.1868	1.957	1.11
chr3	87322650	G	C	control	19.91	0.52	0.673965602	0.104256242	0.388	0.9756	0.716	0.973991031	1.7638	1.819	2.14
chr3	87322650	G	A	control	14.14	0.06	0.043791561	0.015239163	0.014	0.0021	0.038	0.697757848	1.017	1.53	0.53
chr3	87322649	G	T	control	20.8	0.45	1.178541123	0.725043439	0.524	0.9999	0.874	0.960538117	7.2297	2.723	3.39
chr3	87322649	G	C	control	22.2	0.52	2.259894439	0.826447845	0.599	0.9999	0.876	0.992825112	12.1138	2.996	14.72
chr3	87322649	G	A	control	16.02	0.1	0.039530207	0.043286539	0.313	0.1739	0.23	0.866367713	1.6643	1.783	0.72
