ch_name	pos	ref	alt	label	CADD_splice	spliceAI	MMsplicing_abs	SCAP	Trap	RegSNPs	SPIDEX_dpsi_abs	SPIDEX_zscore_abs	BPP_diff_pct_abs	LaBranchoR_diff_abs	RNABPS_diff_abs	SVMBP_diff_abs
chr3	87322696	A	T	control	8.343	0	0.091426258	0.001953697	0.053	0.794520548	0.4836	1.075	0.028878756	0.018544942	0.0093	0
chr3	87322696	A	G	control	8.398	0	0.028415381	0.002851781	0.05	0.643835616	3.6272	2.279	0.026521966	0.018663526	0.0016	0
chr3	87322696	A	C	control	8.539	0.03	0.102237683	0.00214319	0.076	0.917808219	1.6969	1.796	0.028833146	0.012500167	0.0026	0
chr3	87322695	A	T	control	10.74	0.01	0.094105587	0.002428022	0.022	0.934931507	0.3436	0.951	0.024266865	0.00139159	0.0006	0
chr3	87322695	A	G	control	10.78	0	0.058111512	0.003504806	0.034	0.821917808	2.5459	2.053	0.023657127	0.024230242	0.0102	0
chr3	87322695	A	C	control	10.74	0.02	0.080833412	0.002788105	0.216	0.880136986	1.0529	1.501	0.006079843	0.0117338	0.0132	0
chr3	87322694	A	T	control	10.4	0.02	0.068323205	0.003557686	0.04	0.917808219	1.0971	1.526	0.021622635	0.008151442	0.0104	0
chr3	87322694	A	G	control	10.49	0.01	0.01847453	0.003243534	0.029	0.801369863	0.3577	0.932	0.044461469	0.020264477	0.0213	0.10204728
chr3	87322694	A	C	control	10.59	0.02	0.10213512	0.003243534	0.274	0.880136986	0.6674	1.243	0.030341483	0.014452159	0.0034	0
chr3	87322693	A	T	control	11.98	0.06	0.343624603	0.009202263	0.344	0.97260274	3.3351	2.227	0.062247305	0.004094064	0.0339	0
chr3	87322693	A	C	control	11.55	0.01	0.180867947	0.004095784	0.035	0.98630137	0.6966	1.309	0.032818913	0.010698557	0.0113	0
chr3	87322692	C	T	control	6.497	0.04	0.054444585	0.002024779	0.037	0.554794521	1.2768	1.674	0.022902541	0.0430336	0.0323	0
chr3	87322692	C	G	control	5.721	0.05	0.017007339	0.002024779	0.122	0.623287671	0.8296	1.408	0.060541881	0.090053737	0.0012	0
chr3	87322692	C	A	control	5.791	0.03	0.213511845	0.002024779	0.04	0.756849315	0.5058	1.138	0.081880456	0.047329694	0.0162	0
chr3	87322691	T	G	control	13.78	0	0.045583636	0.002514679	0.011	0.482876712	0.7508	1.351	0.007895331	0.029702544	0.0051	0
chr3	87322691	T	C	control	14.1	0.02	0.100734757	0.002514679	0.011	0.866438356	4.615	2.532	0.017362648	0.008770764	0.0046	0
chr3	87322691	T	A	control	13.8	0.02	0.053360637	0.002514679	0.169	0.839041096	8.3422	2.967	0.096144071	0.047329366	0.0208	0
chr3	87322690	T	G	control	13.52	0.03	0.094618282	0.002152258	0.02	0.482876712	0.7046	1.315	0.013142972	0.003867149	0.071	0.12737523
chr3	87322690	T	C	control	14.23	0.04	0.386848451	0.002253086	0.283	0.934931507	0.567	1.156	0.035668471	0.011329234	0	0
chr3	87322690	T	A	control	13.38	0.01	0.018891923	0.002253086	0.066	0.643835616	0.7777	1.328	0.010226232	0.035900086	0.0189	0
chr3	87322689	T	G	control	12.94	0.05	0.016165371	0.002995745	0.037	0.636986301	4.2716	2.392	0.325039194	0.001489282	0.1726	0.27054046
chr3	87322689	T	C	control	13.12	0.01	0.121290814	0.005607994	0.308	0.996575342	1.6739	1.787	0.118774639	0.049620718	0.0086	0
chr3	87322689	T	A	control	12.76	0.02	0.055583923	0.002052417	0.048	0.688356164	0.813	1.353	0.031537825	0.035214841	0.1064	0
chr3	87322688	A	T	control	14.21	0.03	0.259201391	0.00303605	0.024	0.839041096	2.498	2.042	0.112874155	0.028880388	0.0202	0
chr3	87322688	A	G	control	14.14	0.04	0.175030304	0.002433316	0.022	0.934931507	1.0737	1.513	0.11315047	0.012819231	0.034	0
chr3	87322688	A	C	control	14.17	0.03	0.260684497	0.005525483	0.302	0.98630137	0.6063	1.191	0.005089263	0.007845521	0.008	0
chr3	87322687	T	G	control	13.27	0.01	0.192324038	0.002995745	0.196	0.599315068	2.9002	2.13	0.10571948	0.006074965	0.0399	0
chr3	87322687	T	C	control	13.36	0.02	0.120786014	0.001960551	0.115	0.739726027	1.9629	1.956	0.038886758	0.024517268	0.0579	0
chr3	87322687	T	A	control	13.05	0.02	0.007060074	0.001960551	0.028	0.674657534	1.7759	1.893	0.031081341	0.007399261	0.1788	0.04176492
chr3	87322686	T	G	control	14.96	0.01	0.060017907	0.004235595	0.133	0.859589041	0.672	1.29	0.111883714	0.059929192	0.0527	0
chr3	87322686	T	A	control	14.94	0.02	0.475544348	0.004203724	0.041	0.934931507	1.0113	1.527	0.126835422	0.060734034	0.0954	0.17286469
chr3	87322685	T	G	control	14.14	0.05	0.102453848	0.005454315	0.204	0.79109589	3.9109	2.334	0.475522272	0.03172487	0.0608	0.43248149
chr3	87322685	T	C	control	14.48	0	0.233433926	0.003904864	0.185	0.98630137	1.8105	1.905	0.066046614	0.049600333	0.0426	0
chr3	87322685	T	A	control	14.01	0.01	0.138355077	0.003904864	0.018	0.859589041	5.5917	2.673	0.262706897	0.003190994	0.1145	0.01306672
chr3	87322684	T	G	control	13.1	0	0.028334299	0.002118956	0.072	0.674657534	1.5021	1.78	0.000326884	0.06208384	0.0059	0
chr3	87322684	T	C	control	13.69	0	0.253685428	0.005278986	0.107	0.934931507	1.6955	1.861	0.155377004	0.055733711	0.1053	0
chr3	87322684	T	A	control	13.17	0.01	0.088982432	0.002118956	0.069	0.760273973	1.4872	1.773	0.000259223	0.014087439	0.0353	0
chr3	87322683	G	T	control	8.686	0	0.148192178	0.002251464	0.133	0.636986301	1.5818	1.751	0.168457232	0.162876248	0.1403	0
chr3	87322683	G	C	control	8.356	0.03	0.06061244	0.004885507	0.031	0.934931507	1.1573	1.611	0.166399628	0.195577323	0.1644	0
chr3	87322683	G	A	control	8.723	0.01	0.105289778	0.001960551	0.003	0.558219178	3.4785	2.333	0.114124003	0.017021418	0.0212	0
chr3	87322682	C	T	control	16.56	0.05	0.005297949	0.00255962	0.023	0.917808219	0.5186	1.109	0.002160416	0.048246175	0.137	0
chr3	87322682	C	G	control	16.05	0.04	0.137472237	0.002786561	0.046	0.95890411	1.0094	1.476	0.017623666	0.108425438	0.089	0
chr3	87322682	C	A	control	16.95	0.2	0.702775985	0.002952073	0.02	0.859589041	2.1726	1.953	0.582149275	0.359073043	0.406	1.18462719
chr3	87322681	T	G	control	17.37	0.02	0.161378716	0.006009605	0.117	0.917808219	6.008	2.616	0.001651287	0.078920603	0.0207	0
chr3	87322681	T	C	control	17.51	0.02	0.096919122	0.004902732	0.036	0.989726027	1.64	1.773	0.002257808	0.101568222	0.0682	0
chr3	87322681	T	A	control	17.25	0.04	0.079437181	0.004902732	0.419	0.982876712	1.3983	1.673	0.002688259	0.016475767	0.0053	0
chr3	87322680	T	C	control	17.11	0.06	0.197098794	0.002661664	0.22	0.989726027	1.0873	1.521	0.195720925	0.105957508	0.1058	0
chr3	87322680	T	A	control	16.73	0	0.017881119	0.00242644	0.047	0.982876712	0.4198	1.006	0.083246686	0.061655819	0.0409	0
chr3	87322679	A	T	control	17.92	0.02	0.213337129	0.004270715	0.291	1	1.5367	1.795	0.120881464	0.140682876	0.0487	0
chr3	87322679	A	G	control	17.75	0.03	0.050480415	0.004270715	0.046	0.989726027	1.8782	1.929	0.117101029	0.065798223	0.0571	0
chr3	87322679	A	C	control	18.22	0.09	0.373672621	0.006160038	0.261	1	2.5465	2.129	0.111236371	0.148193002	0.0937	0
chr3	87322678	C	T	control	16.67	0.02	0.068500783	0.002095524	0.055	0.849315068	2.6789	2.162	0.104699181	0.018989295	0.0083	0
chr3	87322678	C	G	control	16.45	0.02	0.029204835	0.002111445	0.054	0.780821918	1.4173	1.741	0.097215054	0.003086925	0.0079	0
chr3	87322678	C	A	control	16.38	0	0.103947767	0.002111445	0.054	0.760273973	2.4032	2.088	0.228993464	0.007077485	0.0118	0
chr3	87322677	A	C	control	18.26	0.12	0.230215061	0.004270715	0.099	0.955479452	3.4772	2.332	0.125472611	0.126957297	0.0788	0
chr3	87322676	C	T	control	17.74	0.02	0.048592886	0.002128459	0.051	0.856164384	3.144	2.264	0.122551691	0.054305613	0.0484	0
chr3	87322676	C	G	control	17.39	0.02	0.049259245	0.002128459	0.101	0.835616438	4.5497	2.523	0.069587426	0.048885822	0.0896	0
chr3	87322676	C	A	control	17.32	0	0.233706741	0.002128459	0.13	0.746575342	1.1574	1.611	0.238274253	0.104322284	0.0701	0
chr3	87322675	A	T	control	21.8	0.21	0.134142524	0.005658832	0.133	0.982876712	5.92	2.716	0.491260949	0.185169518	0.2186	0.15774054
chr3	87322675	A	G	control	21.4	0.08	0.33771854	0.005658832	0.046	0.982876712	5.2068	2.619	0.087327195	0.060568273	0.014	0
chr3	87322675	A	C	control	21.8	0.05	0.597523811	0.005701671	0.07	0.98630137	3.0803	2.25	0.101357725	0.023422539	0.0155	0
chr3	87322674	G	T	control	19.31	0.12	0.069568326	0.004543868	0.013	0.945205479	5.1574	2.612	0.362299144	0.168371856	0.1001	0
chr3	87322674	G	C	control	18.77	0.01	0.04822063	0.004543868	0.276	0.917808219	4.9919	2.587	0.208304972	0.021218657	0.0431	0.04233115
chr3	87322674	G	A	control	19.09	0.01	0.161678198	0.004509688	0.208	0.880136986	9.9195	3.096	0.04658372	0.018608183	0.0377	0
chr3	87322673	A	T	control	19.15	0.06	0.02471875	0.007658254	0.024	0.934931507	2.8589	2.204	0.084646871	0.406421781	0.3033	0
chr3	87322673	A	C	control	19.06	0.07	0.239059286	0.004547071	0.205	0.982876712	5.7979	2.7	0.150079884	0.080967993	0.0704	0
chr3	87322672	A	T	control	21.1	0.13	0.776630514	0.010831255	0.428	0.989726027	1.7418	1.812	0.076239704	0.07922703	0.0294	0
chr3	87322672	A	G	control	19.9	0.12	0.242444701	0.00655288	0.182	0.866438356	2.1858	2.026	0.372699142	0.210081369	0.106	0
chr3	87322672	A	C	control	21	0.26	0.779052923	0.00655288	0.173	1	1.0104	1.527	0.474260105	0.122722566	0.0297	0
chr3	87322671	C	T	control	19.78	0.17	0.131948983	0.009825286	0.009	0.945205479	1.0989	1.527	0.045827645	0.354603946	0.198	0
chr3	87322671	C	G	control	18.61	0.02	0.008165169	0.008383545	0.018	0.98630137	1.1672	1.564	0.114031435	0.293796539	0.2272	0
chr3	87322671	C	A	case	19.91	0.26	0.743085311	0.008564157	0.019	0.97260274	0.7834	1.375	0.368972897	0.04571408	0.0091	0.03803312
chr3	87322670	T	G	control	17.97	0.14	0.377942381	0.008436478	0.024	0.95890411	0.9083	1.465	0.200294285	0.060248613	0.0756	0
chr3	87322670	T	C	control	18.74	0.25	0.594325562	0.009678988	0.112	0.98630137	1.0338	1.49	0.237501066	0.186463028	0.108	0
chr3	87322670	T	A	control	17.35	0.01	0.020343779	0.008436478	0.238	0.97260274	2.5586	2.132	0.122695346	0.149778306	0.173	0
chr3	87322669	T	G	control	20.6	0.18	0.270564618	0.004379587	0.182	0.941780822	0.7138	1.323	0.530929678	0.395353138	0.3404	0.43823605
chr3	87322669	T	C	control	21.2	0.12	0.69436934	0.004379587	0.403	0.98630137	0.5379	1.17	0.051116329	0.318450212	0.1872	0
chr3	87322669	T	A	control	20.2	0.11	0.006175562	0.004584281	0.116	0.880136986	0.646	1.225	0.388806856	0.269807935	0.2044	0.34580664
chr3	87322668	A	T	control	19.8	0.01	0.259797868	0.004081546	0.007	0.900684932	0.419	1.005	0.054375293	0.137417853	0.023	0.262648957
chr3	87322668	A	G	control	19.48	0.06	0.101288711	0.003899212	0.069	0.893835616	0.1372	0.586	0.054589548	0.155439675	0.1219	0.2148448
chr3	87322668	A	C	control	21.4	0.09	0.981556984	0.010427615	0.129	0.989726027	0.9985	1.47	0.241933053	0.196165562	0.1146	0.02482621
chr3	87322667	G	T	control	20.6	0.09	0.071064356	0.008595052	0.069	0.934931507	1.3446	1.706	0.362089712	0.06217742	0.2022	0.02911679
chr3	87322667	G	C	control	20.3	0.02	0.143334201	0.008595052	0.121	0.982876712	0.7025	1.314	0.22132974	0.148794413	0.0071	0.17545699
chr3	87322667	G	A	control	20.7	0.08	0.024513949	0.009860685	0.068	0.856164384	1.2095	1.583	0.043444211	0.010654509	0.0806	0.02620612
chr3	87322666	G	T	control	18.83	0.1	0.292529094	0.004628067	0.082	0.859589041	1.4708	1.704	0.148139084	0.041169703	0.0092	
chr3	87322666	G	C	control	18.43	0.01	0.338641065	0.004250248	0.358	0.934931507	1.5578	1.804	0.142958979	0.188019037	0.0574	
chr3	87322666	G	A	control	18.89	0.11	0.09382075	0.004476498	0.079	0.815068493	1.8785	1.86	0.096441091	0.075921774	0.0765	0.09061643
chr3	87322665	A	T	control	20.3	0.08	0.521009135	0.011188937	0.476	0.900684932	1.7315	1.809	0.190067474	0.092030048	0.0269	
chr3	87322665	A	G	control	20.6	0.14	0.579877548	0.009754501	0.247	0.941780822	0.6037	1.231	0.18768428	0.065852582	0.0689	
chr3	87322665	A	C	control	20.4	0.12	0.554673598	0.010281046	0.512	0.982876712	0.9629	1.498	0.191269553	0.188896716	0.046	
chr3	87322664	A	T	control	16.86	0.11	0.042255128	0.004567319	0.284	0.917808219	3.3166	2.3	0.57535087	0.051201999	0.0176	1.10794199
chr3	87322664	A	G	control	17.12	0.08	0.368283349	0.005750139	0.045	0.821917808	2.3316	1.996	0.34717173	0.047464311	0.0113	0.71288725
chr3	87322664	A	C	control	16.56	0.01	0.069652632	0.004031313	0.293	0.982876712	1.3286	1.698	0.566055144	0.001216948	0.0581	1.07973899
chr3	87322663	T	G	control	18.6	0.09	0.628016222	0.004078613	0.115	0.780821918	1.9277	1.877	0.165567969	0.041772187	0.1234	0.30324763
chr3	87322663	T	C	control	18.12	0.01	0.510125606	0.003552454	0.058	0.934931507	3.6929	2.374	0.17314399	0.069223702	0.0716	
chr3	87322663	T	A	control	17.74	0.19	0.029626114	0.003552454	0.221	0.801369863	3.9145	2.416	0.050099157	0.058410376	0.1409	0.31256348
chr3	87322662	A	T	control	18.37	0.05	0.260261222	0.013303598	0.324	0.839041096	0.6332	1.256	0.080267058	0.013651222	0.0411	0.28246864
chr3	87322662	A	G	control	18.16	0.03	0.110340733	0.006532095	0.077	0.880136986	0.0925	0.426	0.342710679	0.056973696	0.0098	0.55620767
chr3	87322662	A	C	control	22.2	0.5	1.713760036	0.084206066	0.556	1	0.6833	1.299	0.138261221	0.013118148	0.1068	
chr3	87322661	T	G	control	18.16	0.18	0.140798565	0.007485419	0.234	0.880136986	6.0306	2.619	0.0322261	0.025663704	0.0483	0.30324763
chr3	87322661	T	C	control	17.78	0.03	0.116121461	0.00582246	0.055	0.97260274	1.4689	1.703	0.017747025	0.003484786	0.0464	0.30570685
chr3	87322661	T	A	case	18.25	0.24	0.532066857	0.007485419	0.231	0.815068493	8.9323	2.851	0.052095538	0.036470652	0.0272	0.31256348
chr3	87322660	G	T	control	19.37	0.03	0.169214346	0.009074838	0.427	0.900684932	1.5938	1.754	0.029131308	0.021299183	0.0072	
chr3	87322660	G	C	control	23.5	0.74	2.043669974	0.311051739	0.697	0.98630137	2.366	2.004	0.17150872	0.202130139	0.287	
chr3	87322660	G	A	control	20.3	0.17	0.15686649	0.007909264	0.213	0.856164384	1.1764	1.622	0.010157229	0.039696753	0.014	0.207657543
chr3	87322659	T	G	control	19.31	0.11	0.41318601	0.011465194	0.256	0.435874439	6.1085	2.627	0.130305235	0.018329591	0.0467	0.30324763
chr3	87322659	T	C	control	18.82	0.02	0.133643925	0.008342106	0.362	0.855605381	1.3249	1.697	0.049023904	0.038164258	0.0537	0
chr3	87322659	T	A	case	19.72	0.21	0.649724912	0.00816068	0.313	0.49058296	3.2127	2.277	0.157878256	0.041763365	0.0034	0.31256348
