group	CADD_splice	spliceAI	MMsplicing_abs	SCAP	Trap	RegSNPs	SPIDEX_dpsi_abs	SPIDEX_zscore_abs	BPP_diff_pct_abs	LaBranchoR_diff_abs	RNABPS_diff_abs	SVMBP_diff_abs
1	0.8734382665042467	2.404401962684351	2.285364217367781	16.803064732209553	9.083817736779428	4.446163147070145	1.461538508139598	1.5440900103900232	4.639949677135624	11.34255848538407	3.419776110998116	17.363158398663693
1	2.6706041820458326	2.404401962684351	0.7241281683325386	16.726467599969922	16.362524040991975	2.595463830451685	0.3269382261342528	0.3618692020205506	0.9784679346537606	2.269554823175684	1.561160086894906	3.0151428499257635
1	2.3232126656315097	2.404401962684351	0.1141010143595071	16.726467599969922	1.3956297545934322	7.028269678815237	0.7028317237431508	0.6545427501505394	0.9784679346537606	2.3270708565995446	1.9416099016037416	3.0151428499257635
1	11.924990506471415	9.608100462834042	6.134038438915548	16.92850146085279	2.138768865040231	4.391713839885302	0.6320908055101343	0.6789973920805623	5.122223067963192	8.62310826241947	10.204477693932006	14.20591892991322
1	2.2500090952864675	2.404401962684351	2.318807497439406	16.91262230305647	2.4410419896342788	1.6816163940634878	3.7025224921605537	4.044911660074723	4.964542785933632	0.4723356635850159	1.1892494612751057	3.0151428499257635
1	1.6650139961843813	4.276175241121148	9.483135918300004	17.0250153176146	3.974240279392963	18.78592790817141	7.951626480234899	7.979906220842063	9.2870961014445	10.852576661573556	10.817379257418557	6.690175370786435
1	6.987764397145247	2.404401962684351	0.4457951633949036	15.53824948198374	2.846598968151417	3.862091346568695	1.4538650600150047	1.5344313523237294	3.07106415773712	3.104570138282324	3.419776110998116	3.0151428499257635
0	7.221321230769103	8.443565103375192	8.202350194613139	15.53824948198374	18.13042447669117	7.028269678815237	0.8525766615735558	0.8014389738610439	2.9983771920894737	2.862163979504548	1.8660785226992829	3.203967576990431
1	1.4304771482116414	2.404401962684351	11.723642139208316	17.0250153176146	2.7622792444548723	10.4983154707841	0.0314132570835317	0.0032279954058071	5.282576434864169	5.549815253983161	9.068167468243152	3.0151428499257635
1	3.0874563596507043	2.404401962684351	2.476852090254837	16.726467599969922	0.9174569855732508	7.616568721000161	2.031852185012927	2.0010510288208234	8.514035788219438	11.149124716064144	2.8684056374041926	3.0151428499257635
1	1.5982993389377351	2.404401962684351	8.718143669866906	16.92850146085279	4.270133182363982	7.296852609673562	0.964343212017231	0.9198491337026008	8.939896336308115	3.2994807377502684	2.26302980156158	5.563734960832218
1	1.3123336226043103	2.404401962684351	3.676864707045784	18.713342182568503	9.584577346048263	3.4768833745904724	0.8667358856248439	0.8166003237210083	6.215617322240652	1.5436295868731296	5.423129915019858	6.136689000376542
0	8.727762599201121	5.649388141488883	6.455681450274998	15.53824948198374	3.802822370275405	0.2367295332074868	9.102147950142976	9.044797305199491	4.579325603871856	1.9114399656217564	4.018783693655463	3.9493338584544073
1	5.870593186677988	4.276175241121148	6.2304927510790895	18.59499848908119	1.8576566798817329	2.695142349382589	1.6645405733007128	1.6258944718234185	8.550860130255094	8.271150759308268	5.315370032556576	5.523259879250395
1	8.32347602864504	6.73102552743292	15.2263142801543	18.884635448434352	5.744025078998709	12.481992008452435	0.8267373752122584	0.7735870901274865	9.049979817531709	12.527949525343928	7.4952597940876124	8.882140220087038
0	1.0625459888926556	2.404401962684351	2.626072947479801	15.53824948198374	7.564689923669647	5.01442128945492	1.0712091920692592	1.1440825968998407	7.627766694077419	1.183736763894051	2.056133269673185	3.8160098523961175
1	7.8817224331370355	5.649388141488883	5.691061680899225	17.945590419751042	11.61933058981538	8.534711047247255	2.4757107118464186	2.476852090254837	6.49869545147422	5.5117645183329085	6.893643635625613	3.0151428499257635
1	4.143478002634981	2.404401962684351	3.5231160913762416	15.53824948198374	3.6104107174441618	1.220763417617423	4.660661787934104	4.8104333476306325	4.8104333476306325	3.102592026283183	9.342210354041104	3.0151428499257635
1	14.291750672587892	13.544958273974856	13.003528965907153	19.44321362308436	3.175048131807084	4.400593304886171	7.466354896579213	5.476321044160482	4.6099982148420295	5.3750298413138085	12.001051028820823	8.19595567347895
1	13.20126925766223	18.02676932197284	3.398553012145954	22.7775444440696	7.865901123038288	9.68844500167523	10.619419370806648	11.082373049324772	1.715012816715552	29.529215340703537	23.966190333030664	3.0151428499257635
1	18.909666899972397	12.9970902029501	21.55884939526336	17.0250153176146	0.5219036978326165	41.29012793126036	7.248635439163399	7.3124653699958495	7.511603741192805	15.655317077316244	17.17393087162805	18.98563871747761
1	14.03918272044566	17.207728278141854	5.050402811090386	20.355911079638	1.0613097979400423	41.29012793126036	23.808247661198347	22.259228061340917	3.120427553687355	41.29012793126036	24.855601166398475	18.41211063195809
1	15.631649744525172	4.276175241121148	17.416229667873054	17.71077946125581	2.228933355804734	9.18159427811142	4.049828201904373	4.4407771048514535	5.177144308296063	13.10127378532025	19.06296321978452	10.927832490397403
1	13.352224084352162	9.057765200230374	14.24862276286236	18.38978181763517	12.44217429177054	11.53580984616772	4.533260844266338	4.954433505719431	2.1077270290462	20.25209072170078	11.945143418824673	6.732545900218982
0	9.89763575554428	2.404401962684351	10.207861367511065	16.92850146085279	2.846598968151417	0.1537021035429519	0.3787363930028017	0.4194158721949958	1.9933847517744716	0.1041742790227302	2.5083581263452883	4.012276189431291
1	20.117414974702704	20.117414974702704	17.451974271456038	18.047303378283424	5.164408390608588	20.64554803899117	3.200594939701239	3.4661184062950525	11.59131149379535	12.088894668353111	9.246214612067352	3.0151428499257635
1	8.57403491747203	5.649388141488883	5.801322304885201	16.44712953779249	0.1104585763426795	4.819233644094801	4.629630546455191	4.783168133654242	4.981782752979845	1.5225026985857435	2.0894166882851093	16.726467599969922
0	19.011260885123612	4.276175241121148	6.729505686710836	18.047303378283424	15.899366943332584	3.764266143856258	12.609564313029937	12.319357899166148	3.3091486106354906	3.004817864809336	2.411143050291627	7.033155797634439
1	0.4404350465104759	2.404401962684351	1.118959436872217	16.390543137012003	0.7432315017605511	2.2532606138953253	23.581607814838907	22.04733507064153	5.778068493781287	8.884635448434352	6.7953439393867	7.147081049977033
1	6.291882972864553	2.404401962684351	2.2294724837079816	15.988130949229529	7.564689923669647	0.3928426005129906	6.562563438088227	7.013644219391024	9.008691855282931	8.454854282643414	7.787647747918722	3.8160098523961175
1	0.4429356111473742	4.276175241121148	1.0576033349232357	15.962584141335372	3.9317445880896127	16.091847993503162	6.033202686210242	6.4800037216946205	1.9613333530223576	1.438109347614632	0.541232450853668	3.0151428499257635
1	5.114882582397426	9.608100462834042	2.29684843248381	16.320831450528203	2.7622792444548723	2.5609935150563974	6.637786981380208	7.080673872040627	7.33511668820409	25.49229196509225	20.57130785819909	3.0151428499257635
1	1.6730700912352967	2.404401962684351	1.7573645645873066	16.99260513123627	1.4453048672377224	2.880915929272632	0.2234603115611886	0.2633902257710827	1.8824735749481756	6.344408088958364	5.747659849599244	3.0151428499257635
1	10.81348598524475	2.404401962684351	5.087726032802037	15.53824948198374	4.167841235064996	15.324156974995748	1.083201144440071	1.1562777537634967	2.2984915164881605	0.4726954320331387	0.9837259825740304	3.0151428499257635
1	10.087679975796696	7.710779461255813	17.293390716449967	17.328134460302987	2.8928341791964702	41.29012793126036	11.355765626284231	11.140724433330984	9.44037602427774	22.151989407423184	19.676447908910603	9.816456853322483
1	16.84967997207959	27.865901123038288	9.87876703005296	27.67284957108442	9.227267487136023	12.481992008452435	12.026703465003798	11.742880021469722	10.694493752247674	9.967531035949904	10.604558980536718	19.70650301030785
1	5.9804511155412	2.404401962684351	2.360838107708293	15.53824948198374	2.618990132940579	7.060948123583727	0.830642550207007	0.7797609798482188	1.9476691210296375	4.290017308039227	9.099524606771736	3.0151428499257635
1	9.652552691440793	8.443565103375192	15.86187366166855	16.803064732209553	6.766129472145934	16.091847993503162	3.928554178529029	4.049008391648227	11.78647938749912	12.551111952615736	8.844882815559513	3.0151428499257635
1	0.7952342119247846	4.276175241121148	9.903943592265424	16.756944530789973	1.352680365715727	0.5716759199662587	9.262521057328351	9.712539070791712	12.319357899166148	10.150694408191985	3.659593528264202	10.856505151049056
1	12.71077528406606	16.63629941677617	15.078365113509998	21.845301209758663	2.618990132940579	7.296852609673562	4.816298230114152	4.979750965892946	7.450180036843021	41.29012793126036	41.29012793126036	8.253848167421452
1	23.36621103627781	18.909666899972397	21.747702836867106	18.859747444397406	16.25222110068854	11.157541278425184	8.392009540084135	6.78455783707706	14.965555009413109	6.192727775556527	2.3464133926979733	7.635248082351353
1	18.502591921732066	20.57130785819909	17.885686782859167	17.2247261269208	5.339577033667311	13.068447137580176	2.027218062411716	1.9990053647137431	16.621451727719254	12.78979535436266	7.473563105402481	5.704242100178356
0	8.34546566964442	6.73102552743292	5.301129060621522	16.944438890918363	2.570897612436616	4.159424672703956	12.078467424882964	12.545309754265686	4.522277627068295	1.841354871623397	0.7624192365115329	3.0151428499257635
1	26.518915384063728	18.13042447669117	19.891337067247985	26.23862814806129	14.317834503663176	13.902322346416655	10.782464818929927	10.597147810105058	14.606268764360347	22.04733507064153	13.53038461996666	7.187418288738505
1	5.452474248410352	23.43682958115268	10.147354965644489	22.313857018355936	6.231847592711988	13.902322346416655	10.321027801179785	10.157381006616845	24.300427887900163	8.000219376766061	5.466084951070069	9.87249562850247
1	2.4184577223126067	27.865901123038288	24.758002793506915	24.047369235252457	16.944438890918363	5.181397927459833	16.84967997207959	16.14465040465749	10.476654853219024	18.02676932197284	9.013831435550264	5.585866147670624
1	12.319357899166148	15.183526300361551	18.859747444397406	20.683149527724236	2.846598968151417	13.068447137580176	11.395629754593433	11.16597418363602	10.405223229436388	19.38681094955744	19.61695458377859	3.0151428499257635
0	0.5540440466982839	4.276175241121148	5.561411909255549	15.86187366166855	19.82884757447797	2.11192311132338	3.672352556178569	4.004966883662683	0.9784679346537606	2.1229571552722257	3.53256755281937	4.659718182320608
1	22.59781073395059	20.721079417895623	21.747702836867106	17.787647747918722	9.189619432508977	12.481992008452435	26.104988532481475	24.300427887900163	3.663342293985989	17.597969357158924	14.03101160830987	18.98563871747761
0	6.181997826135389	4.276175241121148	12.802080920742313	16.756944530789973	4.313476304783604	3.209369250347281	5.215577699113664	5.381709583444324	2.750713472455449	0.8663419498615886	2.094640341571869	3.833915718190966
1	11.10728484699504	19.676447908910603	17.787647747918722	18.434554841182614	7.774097207069062	11.53580984616772	1.2203360255175812	1.1744234952875678	21.995938674117426	12.391510718678466	10.597147810105058	3.0151428499257635
0	6.458535834090554	4.276175241121148	14.559918859971388	16.818547617838156	17.04131156494968	9.983574441040044	10.79407180531062	10.60085181443963	2.658684468733675	0.9934499045071212	3.855814279793514	20.355911079638
1	19.646599373415977	27.865901123038288	25.849447487757597	24.047369235252457	15.643467288739457	13.068447137580176	1.6461172196330367	1.609503330495858	10.150694408191985	11.742880021469722	8.332258528744257	12.78979535436266
0	32.25922806134091	2.404401962684351	5.6304697567936834	20.534658317335044	16.651198041401276	16.171294321471606	11.174423495287568	11.738062555840932	0.9784679346537606	3.4776019887757856	4.365183856229506	3.519486383836056
0	6.065685596197151	2.404401962684351	0.2774700813469997	18.08866507014981	2.846598968151417	3.2671808172857126	0.1717921497718824	0.1360200299211563	6.7188816682262615	12.580239793654597	15.237077469849256	9.97714996528412
0	13.255556774776212	5.649388141488883	0.7378740927221544	17.123722857877542	0.5219036978326165	6.276796144804688	0.4910832545931429	0.4508039148740912	2.9016370238877967	2.345859551618471	3.65509927658438	3.0151428499257635
0	2.681958292614974	4.276175241121148	4.6427682460733	15.53824948198374	2.570897612436616	4.819233644094801	1.4796473421286216	1.5643971219948003	3.313298582111359	1.9613333530223576	1.765593967030018	4.421978386187181
0	2.522754959853705	2.404401962684351	3.0960048191670992	16.651198041401276	4.313476304783604	2.702350558205856	3.4804776351771807	3.5786644431104984	3.9047005219724977	7.637120444880477	8.183194807826744	3.0151428499257635
1	27.67284957108442	19.98679024631029	16.490058501688843	31.29012793126035	26.81854761783816	41.29012793126036	24.66254961444461	25.9753387608378	17.635248082351353	7.425138275753818	8.81284960216312	19.61695458377859
0	0.8204963900261093	2.404401962684351	3.4453814936351863	17.008779990972464	3.704036504662913	5.01442128945492	2.152519067137119	2.129801829374656	9.555351496730404	4.105111042587608	1.2719257608770689	3.0151428499257635
1	15.92454350554505	20.15069440819198	20.498315470784103	18.83500125311885	17.07408866256204	10.980085117624984	2.553435004192406	2.5580848384899437	17.17393087162805	16.078747094219988	7.211122529834	9.044797305199491
1	8.434554841182614	18.367567217695587	18.434554841182614	17.34561112299819	0.5219036978326165	7.060948123583727	1.3027407687021728	1.3849634909780597	3.0196677612130083	18.13042447669117	12.006169408693212	28.502591921732066
1	7.3526215277795455	16.976490289670476	1.77578127594022	16.078747094219988	17.61656872100016	20.57130785819909	0.0093678045731966	0.0467162235107497	1.3969648813608355	11.395629754593433	8.051421865855259	4.169526506649603
1	22.59781073395059	27.865901123038288	17.25892271950217	20.462274228095847	17.579449308542987	4.563608702860325	10.556610907391342	10.366430934969143	18.73740288022729	4.5369280978674285	2.456353033776961	3.0151428499257635
1	23.36621103627781	23.43682958115268	19.55826524713761	23.43682958115268	24.47771555750448	9.68844500167523	25.49229196509225	23.73137937453544	17.749043539786342	14.826090669029654	8.295054944255474	3.506444497701612
0	15.727102923587475	19.16825188722077	23.808247661198347	21.119794538272547	17.9055629952143	18.810395267642285	4.525935614076749	4.677681841667014	9.822647794953951	5.834582858919701	9.398033035437289	5.585866147670624
1	1.411231831282897	4.276175241121148	0.5558773638005359	16.606654627138777	5.069024327648155	2.5609935150563974	1.9933847517744716	1.962854258245057	5.081483178609139	7.092222070196723	2.1213791458735165	3.202618207764403
1	0.6194193708066486	2.404401962684351	5.458140191574124	15.53824948198374	3.397847358587	6.750832010683063	9.4233892562629	9.32560251422646	19.61695458377859	4.360777905948973	2.015910980756163	3.0151428499257635
1	0.7271790604980709	6.73102552743292	1.072035161036951	17.34561112299819	0.1104585763426795	0.3653778020005513	12.740997708181794	13.241921144048728	7.572063346186191	9.086431606746403	3.207342835432672	14.816298230114151
1	26.23862814806129	20.355911079638	18.83500125311885	26.66614795227079	24.13009449491236	41.29012793126036	8.86719888143104	8.849832040960132	14.61559840236081	7.228133694627221	7.0120222045004486	3.479758545049032
1	0.2926311227704752	4.276175241121148	7.49707275375453	16.92850146085279	26.81854761783816	13.22832819142148	0.8765959107906068	0.9298306246949164	2.1313829026834346	1.6806659739220362	1.8989307547754808	7.364917031941028
1	2.928786436606602	10.604558980536718	0.4943362615590413	17.17393087162805	4.443469291001741	10.4983154707841	1.0129633091704464	0.9675676723558184	7.302050629227706	10.743997385691472	2.891578085241501	3.0151428499257635
1	6.511683167872767	2.404401962684351	1.8167711717729509	16.86533024061586	2.40664782947986	2.213327688836151	0.6500430659431082	0.7005561434872459	0.9784679346537606	1.3800835279527988	4.369594280919542	3.0151428499257635
1	14.014715360974783	17.885686782859167	6.163283969088714	17.434065195277228	11.07823494056097	10.4983154707841	8.759172072770035	8.744647160170611	14.088534897200782	6.7630656661500606	3.3077661675809926	8.76402452558662
1	0.7952342119247846	2.404401962684351	0.8158215297049277	15.53824948198374	2.138768865040231	1.134853888122478	6.0422734380481256	6.183337620938251	4.98381549105535	3.6237690681576735	1.014593390758142	3.0151428499257635
1	13.401376773506184	12.820574681062112	11.115620636154988	18.21516755212822	18.13042447669117	12.481992008452435	14.450656623745228	14.063788705922228	21.422410588597906	16.99260513123627	16.533416048016054	10.972005217956646
1	1.8108917329430865	2.404401962684351	1.365476453179917	16.711308963920427	0.187261847224694	1.7111830591313666	1.2177725558008323	1.2914310101776718	1.6958977118292975	1.5510022270633017	2.921192767496013	5.598730676535755
1	5.785398360194716	2.404401962684351	6.88418531286204	16.84967997207959	0.457610759044317	3.65509927658438	0.2668201302449158	0.2173497026626342	2.354174593061518	12.280997253883658	13.174377872554416	3.0151428499257635
1	4.921238861422358	2.404401962684351	1.4475559142061891	16.711308963920427	6.574277389408454	4.668218022670278	0.4112494363310167	0.4508039148740912	4.62401224707005	4.479525494942232	3.518760806218624	3.0151428499257635
1	0.9023372357049666	5.649388141488883	1.458828683913349	16.99260513123627	7.684193795607861	5.171833136276613	5.334063582604319	5.781731880602498	8.374219674680338	0.4211932181657946	11.955255052773296	3.5057210955480222
1	7.579449308542987	17.469957505511665	10.31061722131885	17.398467087615025	15.183526300361551	1.887952375262999	16.944438890918363	16.25222110068854	11.157541278425184	9.97714996528412	10.582363302826003	3.0151428499257635
0	4.293484729236617	2.404401962684351	1.5866591689594167	16.92850146085279	6.649705876872243	5.300035533026914	0.3356446658791285	0.2926311227704752	5.232768992492884	3.909460783485658	8.3081492601622	3.356415442070793
0	4.996031940233161	12.522178169253344	11.016631853512784	17.945590419751042	8.820220938844852	4.668218022670278	1.1896738048993654	1.1440825968998407	3.862876618213368	8.243068949132695	4.2212439814441725	4.558075113469898
1	25.9753387608378	20.721079417895623	22.369181904355543	26.23862814806129	22.83914753111778	19.676447908910603	15.549815253983162	14.97569024112863	16.562563438088226	12.19991938914879	4.798727289818161	7.286475197760961
0	0.1410170904414346	4.276175241121148	14.317834503663176	18.067934983921155	10.231621187408916	7.616568721000161	1.1824655960760977	1.1369496005691833	4.1317651796104125	5.642284086220482	4.324816731564278	5.404049883833483
0	0.3325083364853463	2.404401962684351	4.0506481669439145	17.506148921778973	10.447941063867962	5.688669532769874	0.5496472406340198	0.5055597507274244	14.495848965139162	1.3438773935743031	1.810402138802549	5.404049883833483
0	6.547965290497798	2.404401962684351	6.181997826135389	16.976490289670476	13.862876618213368	5.974061611933128	0.3398299647758329	0.3812016741567212	5.576534003721953	5.325256593894908	8.080361157832115	10.911880425376932
1	12.851573705028738	6.73102552743292	12.352510310680916	17.0250153176146	1.1139521978636144	2.257599762320765	5.019543291250455	5.455872927195282	1.4417056172075904	10.911880425376932	15.37948186099536	9.83816387011853
1	22.83914753111778	17.310727844539976	17.293390716449967	17.925530592775054	1.0117411493708983	41.29012793126036	4.299559385783673	4.717656632423186	10.608269313798733	19.797936804706552	24.56914935190317	9.486001602877112
1	8.546239975756562	8.443565103375192	12.95228418469556	17.469957505511665	1.6310587763084314	41.29012793126036	0.3548604942635986	0.4013283701798323	14.441674314816224	11.990832330414472	23.886501036317917	7.7818351954306735
1	3.868377499023578	12.522178169253344	16.11816895176061	21.119794538272547	6.038383652907635	19.587510777310776	5.880579841999023	6.326367391136341	19.14168945078337	6.963641331129283	5.01237417896732	7.1303838174946925
1	7.120396205229986	7.710779461255813	14.559918859971388	17.04131156494968	8.202350194613139	8.534711047247255	4.751252350550575	4.922241040916601	2.4677294510721155	5.934655139493672	16.74167933117525	20.019079947612276
1	4.619335876618184	15.183526300361551	13.465401689597488	16.651198041401276	7.529836113978547	11.132340367369942	4.447959979871545	4.599749922408791	14.14683033380802	6.022859258113994	8.514035788219438	31.747702836867106
1	5.306600832567511	7.710779461255813	3.544228428612405	16.711308963920427	6.724949353207724	6.389137880627301	6.275427210256227	6.408852968785766	2.6438306858052267	6.75388719534584	6.249499104473432	12.447840234934311
1	7.377247445307375	13.544958273974856	15.655317077316244	16.92850146085279	4.710968562960798	10.4983154707841	4.514970883272776	4.657831585931673	4.398815958915372	8.000219376766061	2.1208532701304232	31.747702836867106
1	3.411274421851105	8.443565103375192	14.806527821451034	16.533416048016054	6.542139743254039	9.35053815106848	1.5413282011910452	1.6366995756541292	2.6243011606248605	4.219538524984387	10.549281040977911	18.21516755212822
1	4.579325603871856	7.710779461255813	2.4252206795355318	17.310727844539976	11.781613342374886	11.132340367369942	2.1124479067827866	2.249467412115321	2.1308558142891925	4.055571210908492	10.774744026107076	4.968593096154024
1	2.9408369666545915	9.608100462834042	17.398467087615025	16.320831450528203	4.270133182363982	3.862091346568695	2.937027922569724	3.189147524448922	6.981318466731437	3.546418332761184	15.6081106905904	11.830520895484664
1	10.032063349865082	10.604558980536718	17.98599019776844	19.276156688055835	5.854413691636696	15.324156974995748	2.9561066389417645	2.990018571899171	9.14433839555536	10.214636633813488	12.374753354534707	26.104988532481475
1	7.466354896579213	2.404401962684351	1.5824763334526728	15.9753387608378	14.915230636135243	19.587510777310776	7.384309145755997	7.826598186753964	2.1983131714818214	0.4066404083750627	0.3727551013437407	3.0151428499257635
1	5.832110359667588	8.443565103375192	2.4083329920771006	16.171294321471606	0.457610759044317	5.807462479552897	8.942424979651184	9.406468670628866	0.9784679346537606	0.0764995256264396	2.658089340974056	3.0151428499257635
1	2.195637461447684	17.61656872100016	19.55826524713761	18.34546566964442	1.6797157617272305	41.29012793126036	8.785927908171411	8.76159762146142	12.926886774192834	8.271150759308268	28.502591921732066	14.495848965139162
1	5.231692540679457	7.710779461255813	11.123972455688577	18.83500125311885	9.420564576606228	2.012832333543805	0.7728159706618537	0.7199366880326881	1.9842030468343677	6.355547421308466	14.014715360974783	23.029379904252085
1	12.857800150280257	16.63629941677617	14.690965930561848	18.301597167163283	5.814842166662528	9.98036101520418	1.545471573887926	1.5165506358073366	16.334684555795867	9.235377563851442	1.3250112097185631	16.518915384063725
1	13.114474235662543	15.368360357301682	17.293390716449967	18.367567217695587	9.057765200230374	41.29012793126036	5.669579634696564	5.8210014994479256	18.884635448434352	14.719569402689311	1.885461154625061	19.06296321978452
0	11.624018064441008	13.99848003433265	11.285787156467164	17.008779990972464	10.84473032733624	13.648366607357044	6.88418531286204	7.319422431666263	3.9405303185358975	4.869441657845309	1.014593390758142	6.048764165334664
1	13.2760908310868	15.53824948198374	20.25209072170078	19.92292225969628	18.47979425878308	18.78592790817141	2.53083808203108	2.527949525343928	14.559918859971388	9.813364688849363	8.947486687472457	6.290509275298447
1	10.907901547573166	17.207728278141854	17.17393087162805	21.699714008049416	6.574277389408454	41.29012793126036	14.379313010030666	13.982305174596458	20.498315470784103	17.67284957108442	16.11816895176061	3.0151428499257635
1	17.597969357158924	10.137352017301335	1.669277126086751	17.2247261269208	17.885686782859167	4.486772797114718	12.35806040066187	12.078467424882964	12.63908818484907	6.101042194346208	6.636299416776167	3.0151428499257635
1	16.99260513123627	18.641949701164982	0.9587061606541036	17.008779990972464	12.487710172305546	19.587510777310776	10.296775154400772	10.759343496426151	7.555490714936659	11.199870510391248	11.865086869579544	5.109646964139422
1	0.2149756747457046	6.73102552743292	0.4994013427285091	17.04131156494968	2.138768865040231	1.2710608908515018	4.499484750047223	4.646529185748939	11.63811092100123	0.2132807347019323	0.4440077226078363	3.0151428499257635
1	3.736716093144874	12.820574681062112	1.5087794572774549	16.696203053668043	1.3097152876260665	0.6272414786032494	17.310727844539976	16.63629941677617	13.754297342331284	10.630598128121653	9.409284194110969	7.822687385211862
0	3.857382696141016	4.276175241121148	5.372805541741994	15.53824948198374	8.084511129307984	2.98616616642566	2.4974483630142217	2.684951156642887	1.610438302473426	4.342321571139735	3.3229972984513854	3.0151428499257635
1	24.300427887900163	41.29012793126036	21.845301209758663	24.047369235252457	18.17258932070281	19.82884757447797	14.955443375464483	14.459657548871853	2.699345683790656	9.55243969989385	6.849679972079588	3.0151428499257635
1	9.54662195646655	16.976490289670476	13.974240279392962	16.99260513123627	16.621451727719254	10.269222676141982	10.107480670365556	10.597147810105058	1.082787077145194	2.0020742223275074	7.153777959274793	3.0151428499257635
1	24.758002793506915	41.29012793126036	14.405929711233243	34.30042788790016	12.385917743251207	18.78592790817141	4.561763389546379	4.70524411817018	20.57130785819909	1.7801545913723005	0.8392463158321829	3.0151428499257635
1	12.808236761346365	16.976490289670476	8.56939005626025	17.506148921778973	8.993309508083593	13.22832819142148	12.006169408693212	11.733250428125292	13.785043982746888	19.954738847558176	18.367567217695587	13.723766848801873
1	0.6429280868512764	41.29012793126036	20.57130785819909	21.119794538272547	10.447941063867962	19.587510777310776	6.826309809035928	6.911037575865366	13.8786119427425	13.701009007280616	19.2489281047011	7.217919001986386
1	5.386168459420221	24.955443375464483	19.587510777310776	20.57130785819909	20.95589037639085	18.78592790817141	2.6664285600315263	2.867781067787954	18.548549438623557	3.7025224921605537	12.668814138129978	16.803064732209553
1	22.48199200845244	41.29012793126036	7.594259023896907	18.859747444397406	12.9970902029501	41.29012793126036	2.3270708565995446	2.318257165458814	24.66254961444461	0.7739727012104507	0.0444336380519482	3.0151428499257635
1	13.429715828834809	21.16175568420863	8.785927908171411	17.363158398663693	1.7270026228484048	15.324156974995748	6.758474006001778	7.223023345162449	18.76159762146142	3.282270027982724	8.625458976857935	23.50861542742392
1	10.422971291811525	22.59781073395059	2.017451123151534	16.86533024061586	9.353317635847535	16.091847993503162	3.707823846682855	3.809023256310512	14.596959125599229	2.6598749689656467	5.145374270356396	3.0151428499257635
1	10.087679975796696	24.955443375464483	25.37948186099536	28.985638717477613	12.88279558514228	10.265790874446989	3.6716009865965193	4.004966883662683	21.377867174335403	5.564896952763974	7.82464234577561	3.0151428499257635
1	16.681149503694872	17.965743332104296	18.02676932197284	19.115288489121287	6.038383652907635	15.368360357301682	13.982305174596458	14.486772797114718	15.727102923587475	2.722839027431524	5.029805452970162	3.0151428499257635
1	17.416229667873054	21.29012793126035	1.4932786929900923	22.7775444440696	10.884104530119618	15.49229196509225	8.909666899972397	8.183194807826744	12.319357899166148	3.430426679940255	4.02937922910665	3.0151428499257635
1	5.949866870699	7.710779461255813	2.1087756695967577	17.561007901559286	1.4946441842193992	4.130094494912359	11.835442079942151	12.335902470866271	4.652176709066275	16.390543137012003	13.966190333030664	3.0151428499257635
1	15.727102923587475	14.596959125599229	20.996290154408253	41.29012793126036	24.47771555750448	18.78592790817141	2.202597739415013	2.184951076087686	13.8786119427425	0.106819190687325	8.187444264935873	20.218028234781663
1	25.9753387608378	18.909666899972397	17.9055629952143	23.808247661198347	20.42652962451287	12.481992008452435	0.5838394907460734	0.5328339338513634	14.468677167522031	11.0411683301855	6.505906053859545	4.6146645361451855
1	19.73676755660973	21.79622786481122	25.37948186099536	30.498315470784103	20.95589037639085	18.810395267642285	21.03706927861265	20.18423082826786	11.652249657804798	16.59190777147872	5.314272913738304	4.576547896825433
1	22.83914753111778	41.29012793126036	27.48801551414429	36.51891538406373	18.367567217695587	18.810395267642285	15.313176072005229	14.719569402689311	5.124322630401489	8.983084795134658	13.816009852396116	7.67851797931009
1	14.985849181010112	12.820574681062112	11.208386091196086	16.803064732209553	12.146696360065942	6.750832010683063	2.4757107118464186	2.476852090254837	8.594998489081187	3.3809459791145677	0.5146321267424144	5.823467680558507
0	0.0686247368523008	2.404401962684351	4.397927558621994	17.398467087615025	4.658774781682808	1.35797072651898	1.7438441561876394	1.7097477702769803	3.960564235504104	2.984882790287765	3.87624800646766	3.8160098523961175
0	7.177298801086508	12.189222475319667	13.886501036317911	17.04131156494968	1.2585395917517297	10.963940322753151	8.271150759308268	8.247377426489068	0.9784679346537606	18.76159762146142	21.512891878371875	16.238628148061288
1	8.014495329387572	11.444854797822424	13.208018202018131	21.377867174335403	7.915535318353789	18.78592790817141	1.7011459841526326	1.8099125998493133	8.919720017468443	34.30042788790016	31.747702836867106	13.214777650571818
1	30.8762010796781	27.865901123038288	23.966190333030664	20.91586295185412	21.33377598528485	14.486772797114718	11.115620636154988	11.661701119247926	7.921529722092257	6.279535309082835	1.7699570307860872	5.477459878523644
1	3.0067519306703057	5.649388141488883	1.5992319017111352	17.008779990972464	11.61933058981538	11.157541278425184	4.075319383559856	4.210170467031059	1.57412272895976	0.2633902257710827	3.0190210566002387	5.962584141335373
1	10.608269313798733	14.405929711233243	17.17393087162805	17.434065195277228	13.761963619377635	5.171833136276613	13.029379904252083	13.618569270438543	4.688115917453532	2.690943079253193	0.8773856807180487	6.048764165334664
1	20.683149527724236	17.27612252344491	16.803064732209553	17.310727844539976	22.259228061340917	41.29012793126036	2.695742576709788	2.90037838170567	10.947855323554844	14.66254961444461	22.205277742473854	6.112891982922994
1	11.624018064441008	11.04527125426868	9.514762931961728	38.27982797462054	12.9586568121325	18.78592790817141	4.961507530258052	5.121173667252751	10.836898143393777	18.279827974620535	11.865086869579544	10.927832490397403
1	10.740169315968934	2.404401962684351	0.4903606949343709	41.29012793126036	5.457006411429573	1.3337759852848508	1.0935656780668626	1.046502887727528	3.992002859650993	15.667199286695602	12.920560560664846	7.610980543322824
1	9.9134225588928	2.404401962684351	11.208386091196086	17.24179076506097	0.7432315017605511	18.78592790817141	2.2711876115221425	2.259228061340914	3.367612212227708	1.849745130716168	1.2719257608770689	5.999676223602661
1	10.019079947612274	2.404401962684351	3.684395391816409	17.0250153176146	5.711448315580128	0.1537021035429519	5.041121909215448	5.214505499424467	6.274058707072056	16.461392095172812	14.17205564084844	3.0151428499257635
1	7.941571035087435	9.057765200230374	5.3561595082582825	17.07408866256204	1.8576566798817329	0.6190472406646927	13.816009852396116	14.379313010030666	9.454582595071733	7.421572639413107	7.927532411118418	11.057603334923236
1	12.795933793291356	16.279535309082835	11.29012793126035	17.310727844539976	9.48886917961981	12.481992008452435	0.3984979376110302	0.3576626202219479	2.6219399019998684	5.046275517057699	5.140101786014468	23.094688575841666
1	0.2747192056768583	5.649388141488883	2.549370479030002	17.123722857877542	0.9174569855732508	1.032155518157435	3.7176864210406495	4.056392261070505	1.240469060192115	2.2597709633753773	3.704036504662913	3.0151428499257635
1	7.379011794232325	4.276175241121148	11.671173194581844	17.293390716449967	2.618990132940579	5.300035533026914	1.9709747604478896	1.9471638630662929	4.188107784706502	8.210890895141533	5.077326255756203	4.919235195957045
1	9.691449460334685	9.608100462834042	12.4083329920771	16.92850146085279	3.9317445880896127	6.389137880627301	0.5919675055403971	0.6406836708741748	3.482635620224828	3.8597363832110174	0.6797520306261674	5.034945641543974
1	14.441674314816224	15.619864269669746	14.335311166358377	18.548549438623557	10.656794341742854	9.68844500167523	0.4500880251800555	0.4073491713009988	3.1569873418020022	0.0932810130198476	11.762203500819428	20.32102780117979
1	6.834085898524375	10.137352017301335	4.023670728851232	16.99260513123627	4.588597479338548	10.4983154707841	6.9460358553853485	7.403788237742459	2.9484650918341493	7.601682863002138	2.715596760907685	3.0151428499257635
1	7.386076366459541	2.404401962684351	3.990385074264794	16.944438890918363	6.649705876872243	3.4768833745904724	4.279631623968952	4.420192268613565	7.394923272796577	4.855601166398476	2.379773778107242	8.747064607947495
1	5.884330766215808	2.404401962684351	3.960564235504104	16.92850146085279	12.78979535436266	1.789888866027085	9.434706382716598	9.910260604025034	12.78979535436266	3.2290068295694385	1.2740886897623718	6.151296075149423
1	9.224567490270054	2.404401962684351	2.4235289526483217	16.99260513123627	6.474268567584128	6.2169675304962135	4.022855840994628	4.406819750137688	2.2235457545443515	0.3026526430121705	3.3327177225679105	5.200590938501721
1	13.544958273974856	7.710779461255813	11.386739383384336	36.51891538406373	4.402371378531901	8.534711047247255	1.5211284214309715	1.4910038279131803	2.030821952575636	4.651234945033736	8.583339569813287	5.644650813700871
1	3.586026616121287	2.404401962684351	0.4265296245128675	16.99260513123627	2.4831350390733347	7.028269678815237	0.071904163738501	0.0346646945484471	2.653925728557194	8.776179430859308	8.537014385842234	3.0151428499257635
1	12.275544717299226	2.404401962684351	1.1106172429529273	17.04131156494968	5.89434909780726	3.311223100676861	6.8810371106081725	5.500299504232444	6.033202686210242	4.067903291563048	3.6942048448006015	3.0151428499257635
1	0.7728159706618537	4.276175241121148	10.774744026107076	17.04131156494968	11.242616375350336	2.7452456808160464	3.5115116894979312	3.828458287487496	11.704489099040677	2.7996210255652283	6.080055407174311	5.143264508440224
1	7.300317264679038	5.649388141488883	0.7647274719201252	30.150694408191985	8.606688791749704	0.6272414786032494	2.3204589119288017	2.312208111868103	1.4755662660390845	0.106819190687325	0.9837259825740304	4.169526506649603
1	0.8655541855171411	7.710779461255813	15.886833183351614	16.99260513123627	4.980766740618435	9.68844500167523	1.4656064174104526	1.5505410701933138	4.98381549105535	0.9362308392735802	4.032644601304868	5.404049883833483
1	0.3868418630261271	2.404401962684351	2.3630615532036945	16.92850146085279	2.527949525343928	0.8734382665042467	1.6193305898153796	1.5838701643774051	3.871523990607715	3.7443513708130474	0.3398299647758329	3.8160098523961175
0	3.830796346665921	5.649388141488883	4.406819750137688	17.04131156494968	10.597147810105058	41.29012793126036	0.4407921818931886	0.4759346899110102	9.891337067247983	1.5074095151539986	6.9428425134627725	3.0151428499257635
1	6.048764165334664	41.29012793126036	29.529215340703537	32.83914753111778	23.296722436724533	41.29012793126036	9.785633836651543	9.649575012325831	17.945590419751042	7.010400795178262	11.123972455688577	16.362524040991975
1	17.07408866256204	18.434554841182614	16.944438890918363	18.548549438623557	16.15795193058096	15.324156974995748	1.035430740649792	1.1064521473819	11.471941859553713	9.813364688849363	15.026724257509926	3.0151428499257635
0	0.0041968620733018	2.404401962684351	10.194342462216484	16.834085898524375	7.439430167941002	3.781959504762804	17.691773107861472	17.0250153176146	3.5129605451640917	1.0625459888926556	1.9623472306548448	3.0151428499257635
0	9.342210354041104	12.820574681062112	21.6522496578048	20.355911079638	23.808247661198347	6.2169675304962135	5.903134135836282	6.066989979693677	13.140996118509612	14.370476903586749	18.367567217695587	11.955255052773296
1	6.1579519305809605	21.79622786481122	15.237077469849256	29.248928104701104	2.8002358687486764	12.481992008452435	2.389832069626181	2.572064286673055	18.502591921732066	9.64659937341598	12.38033196136346	3.0151428499257635
1	22.59781073395059	9.608100462834042	10.931829678732068	20.498315470784103	12.109824563411548	9.35053815106848	5.089808979997377	5.539404674122226	2.2673787265153327	8.457115644224855	17.691773107861472	19.0890470508598
0	2.317706903206696	2.404401962684351	3.2925882671414914	15.937186730832645	4.402371378531901	8.202350194613139	1.87700167765373	2.0010510288208234	1.8099125998493133	6.313921433447472	2.40664782947986	3.0151428499257635
0	4.6249481257115415	2.404401962684351	17.98599019776844	17.398467087615025	11.66643457456014	11.545011003887067	4.542434791106087	4.688115917453532	3.7412956487386753	5.197386207214475	2.985524430950679	5.404049883833483
