group	CADD_splice	spliceAI	MMsplicing_abs	SCAP	Trap	RegSNPs	SPIDEX_dpsi_abs	SPIDEX_zscore_abs	BPP_diff_pct_abs	LaBranchoR_diff_abs	RNABPS_diff_abs	SVMBP_diff_abs
1	4.5305124348386565	5.667199286695603	7.15880742691163	16.013828922546963	4.443469291001741	2.98616616642566	4.389053536697044	2.9541949912757874	8.907157252506412	0.5842086161399493	2.728278663988652	13.8786119427425
1	1.9300199741082544	4.276175241121148	1.1047872269785182	15.9753387608378	3.4425289846203007	15.324156974995748	5.828404248090924	4.5094988815168975	3.572783677392657	2.077946719310847	4.28395597443978	9.537909927829826
0	9.494610019608473	2.404401962684351	1.0448607873888294	16.621451727719254	0.6347042260689663	3.576458222682544	7.293390716449968	7.371958695127862	5.669579634696564	4.104280730985989	2.9427427422219394	3.0151428499257635
0	0.9841307116008392	2.404401962684351	0.3984979376110302	15.988130949229529	9.353317635847535	7.296852609673562	2.1308558142891925	2.106154542823348	3.310531493888389	5.90690459894595	9.929266957419376	12.413954927902989
1	0.1587195625895421	13.2829571484365	3.4226137098047382	16.803064732209553	3.6104107174441618	0.6771113691999059	0.2915957324165347	0.3276340993642356	2.7476749605991646	6.876319082095237	9.733731593662586	3.0151428499257635
0	10.992233222941794	4.276175241121148	2.293016985548904	15.53824948198374	1.352680365715727	2.082635318503267	14.955443375464483	14.459657548871853	3.2603393779077323	6.4215743784909165	4.018783693655463	6.990990953622806
1	0.2985030019744024	2.434254369363789	9.029286771502113	16.78763684806674	5.310983219235068	11.53580984616772	6.246778813235709	4.273584758002869	10.462274228095849	9.7917809641025	3.0067519306703057	5.269528017980726
0	2.9618466358668147	2.404401962684351	6.997451266928666	16.651198041401276	5.310983219235068	0.4658649226526312	9.395224794266674	9.281622950349576	3.5845531827504	5.163348748095332	3.813679737977868	3.0151428499257635
0	16.211569214302042	5.649388141488883	6.469972166753233	16.86533024061586	4.805551988435125	4.765730455366148	12.78979535436266	12.470578217864343	3.0404133200234167	1.7164498469450755	0.4190604902694237	3.8160098523961175
1	22.59781073395059	11.444854797822424	1.637169973143788	17.008779990972464	6.07482451847324	11.53580984616772	17.310727844539976	16.63629941677617	4.708105397390202	2.173758599965929	10.92383897763874	3.0151428499257635
1	2.1245357382492105	9.608100462834042	0.5489148721973711	16.13138949414356	3.974240279392963	10.963940322753151	1.168084970952922	1.1248085216876988	5.26518724318754	2.3647298846739964	2.2256999930900263	3.0151428499257635
1	22.04733507064153	11.04527125426868	1.6197991096733269	16.99260513123627	3.802822370275405	11.53580984616772	12.38033196136346	12.09934700749961	3.960564235504104	3.183770928504977	13.552263481448414	3.0151428499257635
1	1.368570820834183	10.137352017301335	2.650360092216482	17.07408866256204	1.9593063075624395	4.130094494912359	2.9351246525871626	3.189147524448922	6.947633407295594	19.98679024631029	21.945143418824674	6.7219144510443645
1	22.04733507064153	7.710779461255813	0.5346583173350428	16.91262230305647	3.4425289846203007	6.750832010683063	18.38978181763517	17.691773107861472	3.634932500280825	0.8995577509259128	4.318706668505755	3.0151428499257635
1	21.747702836867106	11.801110321558212	5.758582449564096	16.78763684806674	1.2147837522877736	13.648366607357044	17.965743332104296	17.25892271950217	3.955747660349736	1.4665109149288806	12.734936374582349	3.0151428499257635
1	21.16175568420863	8.443565103375192	1.1461827685249997	16.803064732209553	6.766129472145934	7.296852609673562	28.985638717477613	31.29012793126035	2.006169408693212	0.6967661573674693	11.642818720724058	3.0151428499257635
1	23.36621103627781	9.057765200230374	2.505484477845661	16.803064732209553	4.123418175658995	14.486772797114718	28.73740288022729	30.8762010796781	3.899945472425541	3.068447137580175	1.5643971219948003	7.338612016214925
0	9.619909973357784	6.73102552743292	4.4130551350121605	16.02673515736191	5.380595579380493	3.4042023720567567	2.6390881848490704	2.836046535042416	0.9784679346537606	0.2723136179806761	0.7371092877859463	3.0151428499257635
0	7.317682121156487	5.649388141488883	6.322214774259925	16.11816895176061	1.6310587763084314	4.668218022670278	6.973274484400233	7.060948123583727	0.9784679346537606	0.6090117609873155	0.7371092877859463	3.0151428499257635
1	19.767244487429785	5.649388141488883	5.6922582492547855	17.008779990972464	14.806527821451034	41.29012793126036	12.270099017753056	12.01129382795328	5.197386207214475	3.740532054043251	16.696203053668043	4.639949677135624
0	9.758078930417506	2.404401962684351	3.840942506846819	17.0250153176146	3.843287298491486	10.963940322753151	17.123722857877542	16.43291366644455	2.816252420986396	0.8777806195460416	0.3931958434119637	4.012276189431291
0	3.1370074960167598	5.649388141488883	0.2000828558465046	16.02673515736191	0.2613335825665711	0.1624027202066474	1.7947641974989246	1.7568809673684969	0.9784679346537606	0.1114516656001871	0.7913607325215295	3.0151428499257635
1	7.909549177062788	2.404401962684351	0.6613010299567075	15.886833183351614	1.7270026228484048	1.5556164910110035	0.3081916726274664	0.2616762888061674	3.275404796045639	1.5699519445201957	1.5399479549315225	3.0151428499257635
0	10.2452568181364	4.276175241121148	0.1210632541955244	16.13138949414356	4.545190758296847	1.3337759852848508	7.421572639413107	7.8639275057268705	0.9784679346537606	0.2363887898218794	0.2568808606459007	3.0151428499257635
0	0.6391880376888266	7.710779461255813	1.6034309140564298	16.44712953779249	10.487471657861905	0.4508039148740912	4.830013835347959	5.002153075593249	1.4246497971131085	3.41198226063012	2.496874923412275	3.0151428499257635
1	3.9782708549203454	2.404401962684351	0.0210249852587432	15.86187366166855	4.270133182363982	0.3829634464493622	0.0418264371217581	0.0778133797641359	7.2882030453345905	3.795856940042861	0.8639790853751016	3.0151428499257635
0	13.36621103627781	5.649388141488883	3.233080886921706	16.15795193058096	1.0613097979400423	0.9214446314498006	3.3943208096160955	3.707066114007281	0.9784679346537606	2.587259641334436	0.2568808606459007	3.0151428499257635
1	8.523212642809954	2.404401962684351	1.4264419955576204	16.171294321471606	0.9174569855732508	10.4983154707841	0.2603056260777212	0.2995400405798075	5.21236189384342	9.44889438886364	5.599902070964713	3.0151428499257635
0	13.559580997617724	5.649388141488883	0.260990903368142	16.15795193058096	2.049403632156722	0.7960093225495496	9.248928104701102	9.68844500167523	0.9784679346537606	1.083201144440071	2.5749823441765307	3.0151428499257635
0	17.9055629952143	8.443565103375192	1.2940383415461798	16.320831450528203	3.5698462780118017	4.130094494912359	3.3216104407614804	3.404909059035621	0.9784679346537606	2.2235457545443515	1.629180136798643	8.894630722855618
1	0.5335635952810088	2.404401962684351	0.9154645348253466	15.86187366166855	0.1104585763426795	0.3928426005129906	0.2709395944561143	0.2241397991349804	2.3803319613634604	7.187418288738505	5.29675660133546	3.0151428499257635
0	13.611151771079443	8.443565103375192	10.272657191796688	16.171294321471606	7.361400477239557	1.0190792724668378	3.950135065876481	4.071197769110776	1.9780926767528253	3.647619176872618	1.412125073741626	7.998183780375839
0	22.259228061340917	6.73102552743292	4.875386826219356	16.99260513123627	20.8762010796781	41.29012793126036	14.748362512480746	14.30912247502645	0.9784679346537606	0.6805068003220252	3.728332762822259	6.934869416273802
1	2.870904814465841	2.404401962684351	7.153777959274793	16.29325710507631	3.5216638443073567	1.8256052811296195	0.527729733510097	0.5805187732510121	3.819118617610488	6.455681450274998	2.9281531234710965	4.663493835519974
0	17.597969357158924	4.276175241121148	1.98165601443538	16.279535309082835	2.527949525343928	0.9214446314498006	6.451403389033614	6.57867827965402	1.9908323304144715	4.98890150266723	1.6792407335813884	4.663493835519974
0	21.16175568420863	4.276175241121148	6.257670216609224	16.803064732209553	2.986807996740733	10.265790874446989	13.30362147680766	12.895347457518367	2.293564128203994	11.082373049324772	4.967580164413214	6.500136614526778
1	1.557463570175064	8.443565103375192	10.653042337346175	16.320831450528203	1.3956297545934322	7.985990197768443	0.3787363930028017	0.4194158721949958	4.294352017271258	10.694493752247674	8.301597167163283	18.02676932197284
0	4.081922113556911	6.73102552743292	0.3667820360501411	16.376510992917623	10.231621187408916	1.8794880490613293	8.084511129307984	8.518621791622383	3.6356777503588495	6.307022393364345	0.7913607325215295	3.0151428499257635
0	21.03706927861265	4.276175241121148	5.4842991631166775	16.99260513123627	3.1336864399406967	10.963940322753151	17.328134460302987	16.63629941677617	2.686148879987222	5.972784838494847	3.003528965907152	6.485746459482179
1	1.337286854367753	2.404401962684351	0.6786201219748621	16.376510992917623	9.353317635847535	0.6956298061807418	0.1164205210512914	0.0801135813639462	3.564710604850915	9.039620969879865	1.976566426581071	10.18423082826786
0	7.044578165193219	5.649388141488883	7.468155827485813	16.504462975321918	3.9317445880896127	3.142326473802303	12.58608887847008	13.088113336403948	3.3091486106354906	6.140667878180307	3.87624800646766	3.0151428499257635
0	19.73676755660973	9.608100462834042	8.530108031639848	16.78763684806674	1.2585395917517297	7.867875637652446	4.81532019952359	5.252190889890721	6.323598538751172	15.937186730832645	12.397110906197248	3.4446681907151246
1	3.938132447037217	2.404401962684351	9.486001602877112	16.562563438088226	10.698281754946638	7.867875637652446	0.5540440466982839	0.5091864271962436	3.397141819665939	6.055264607828072	0.3078452762309492	3.0151428499257635
0	9.567018246040808	13.99848003433265	19.767244487429785	17.24179076506097	18.19382625700136	8.785927908171411	1.806976524366872	1.9360630337368607	7.310727844539974	6.542139743254039	4.095986334234416	6.69469534845622
1	1.1630208038424807	4.276175241121148	0.1260431249613575	16.02673515736191	1.7270026228484048	13.902322346416655	5.461543309015358	5.910678338345482	0.9784679346537606	6.88418531286204	7.023389051046621	3.0151428499257635
1	9.608100462834042	4.276175241121148	0.316513485605412	16.84967997207959	2.360838107708293	4.130094494912359	1.8241316811090236	1.785992537566539	2.175888277497404	1.8596368211762824	0.1862512725094807	8.080361157832115
1	11.628710603870026	14.405929711233243	13.029379904252083	16.99260513123627	2.138768865040231	5.974061611933128	2.9893762669628487	3.0261401093841727	12.324865756364796	6.173967725568973	6.954029498023168	3.0151428499257635
0	6.249499104473432	6.73102552743292	4.793859062855056	16.052663263144705	4.0285632695328015	3.781959504762804	1.7874532511244656	1.7501162544446482	0.9784679346537606	0.9546841703508724	4.157743315803733	3.0151428499257635
0	2.9605704252143665	5.649388141488883	1.229748381287178	16.404620766255906	5.549815253983161	1.6141802045414528	17.635248082351353	16.99260513123627	0.9784679346537606	1.629180136798643	0.1768305642188491	3.203967576990431
1	13.36621103627781	2.404401962684351	4.177962688049449	16.11816895176061	5.164408390608588	1.0617218224950715	3.6588441632689808	3.990385074264794	1.8467820115525289	4.482241816193526	4.959485204345358	3.0151428499257635
0	5.3750298413138085	6.73102552743292	2.4848501492722983	16.052663263144705	3.884132803148785	7.867875637652446	9.822647794953951	10.276094425707043	0.9784679346537606	1.0778213464633253	1.3544431033630753	3.0151428499257635
1	15.047306972903666	2.404401962684351	7.491636143632052	16.66614795227079	1.4946441842193992	8.534711047247255	7.75096562205672	8.178949504635293	1.9074330966312365	6.818547617838158	5.90942006082863	10.5676289551252
0	1.147863637368055	7.710779461255813	0.0614187026159949	16.66614795227079	3.974240279392963	6.750832010683063	16.944438890918363	16.25222110068854	1.5667107680028691	4.570073481030831	1.4960101049159964	3.203967576990431
0	9.555351496730404	4.276175241121148	1.512891878371872	16.78763684806674	1.352680365715727	3.3536207541886203	1.154172695887455	1.1118675509561025	0.9784679346537606	0.2496976320402588	1.4597317707993305	3.0151428499257635
1	14.965555009413109	2.404401962684351	3.539851930271904	16.651198041401276	9.168251887220771	2.295205969879033	5.939719798748744	6.391948848245843	1.8467820115525289	2.591945851467069	0.9711980541555992	5.806233749931167
0	6.044868564996593	5.649388141488883	4.056392261070505	16.13138949414356	5.615159020218123	2.4365157309452306	5.054534031205979	5.22523942683387	9.398033035437289	4.270995819136911	5.089808979997377	3.0151428499257635
0	3.72224594357917	6.73102552743292	0.4831417025490582	16.307022393364345	1.7743244822264317	12.481992008452435	3.4697037650548084	3.568378323014208	0.9784679346537606	0.2592779128442053	6.265856731416023	3.0151428499257635
0	6.766129472145934	12.820574681062112	3.0015963344939496	17.123722857877542	6.038383652907635	3.206667573856401	6.375110268887086	6.826309809035928	15.911936980527608	9.622867375459832	22.259228061340917	3.0151428499257635
0	7.354375898564474	8.443565103375192	5.968956768772311	16.696203053668043	0.9659551429326584	7.296852609673562	1.9355591241442516	1.91194108427679	7.622164098393051	5.611633425529282	7.55916806047308	3.203967576990431
0	2.029791964471904	6.73102552743292	9.168251887220771	16.562563438088226	9.625826792827525	1.4637979873118536	9.727666027286904	10.17414268245641	7.356130978329332	2.510658414968468	1.3544431033630753	3.203967576990431
0	1.181618357521122	4.276175241121148	1.7612352821510489	16.562563438088226	4.939313571151619	2.1072028037067945	9.197659443726613	9.640654205041931	9.152294937907309	2.3347975364196465	2.6706041820458326	4.851654828263209
1	2.4083329920771006	2.404401962684351	1.1850083038882122	15.937186730832645	3.175048131807084	1.0190792724668378	8.35871309675104	8.76159762146142	1.4304771482116414	0.4838630620422928	0.1997449755165384	3.0151428499257635
0	1.4624421587502303	4.276175241121148	0.3293742704092887	16.19810270794932	19.55826524713761	7.028269678815237	3.1824278189167146	3.2357990499389504	3.3015506137854937	3.5165848004182623	0.8134859852447508	3.0151428499257635
1	3.027435737323088	4.276175241121148	6.030614518780225	16.11816895176061	2.7622792444548723	2.1072028037067945	3.479758545049032	3.5757230648612315	1.5353502996016042	5.975338760837799	6.6452324569206365	8.043188792642603
0	0.96998758966529	2.404401962684351	0.6846603799986578	16.238628148061288	4.6249481257115415	4.347586811007565	2.4569211474305974	2.456353033776961	2.4911446879602512	2.6640442916109315	1.2520771956100976	3.0151428499257635
1	1.4125717638751163	2.404401962684351	2.4450063393564108	16.14465040465749	6.474268567584128	0.2709395944561143	2.703553090352272	2.725255802574043	1.4300286127277382	0.9808939349881604	1.7496334636244046	13.537665333857989
0	1.144922543681113	2.404401962684351	1.3145167749244662	16.320831450528203	6.810799275338548	12.481992008452435	7.66341863400368	7.710779461255813	8.59266419995268	15.15170971249966	8.450335088875551	3.0151428499257635
1	1.0056355040252667	4.276175241121148	4.166998844446696	16.651198041401276	2.986807996740733	0.3713489349662197	4.682421495983377	4.839837284048925	1.3672443932894254	0.3531100832048647	0.283665929805549	3.0151428499257635
0	3.571314729359361	4.276175241121148	0.5716759199662587	16.25222110068854	6.198102707949321	5.171833136276613	5.175019059993787	5.340680564309517	3.4084442198486737	13.042363306504894	9.72160892056024	3.0151428499257635
0	3.090084863177171	2.404401962684351	2.0215608417634265	16.78763684806674	1.352680365715727	1.6631206142169392	7.453769247641553	7.533491791651496	2.228933355804734	6.8810371106081725	8.907157252506412	3.0151428499257635
1	1.3337759852848508	2.404401962684351	5.913195987586444	16.504462975321918	1.2585395917517297	12.481992008452435	2.117699352185687	2.259228061340914	2.702350558205856	2.782440661971548	0.3398299647758329	4.672947354313757
0	1.0534887492824156	5.649388141488883	3.4226137098047382	16.756944530789973	3.884132803148785	2.5291047174824137	8.800591776303273	9.262521057328351	2.057169524705311	8.271150759308268	4.2050691217079805	9.996451974030494
1	0.3766244081245614	2.404401962684351	2.5331503114582707	16.696203053668043	5.11383495368193	5.171833136276613	3.5115116894979312	3.600049221822612	2.930686930321869	0.0561854502050432	0.0444336380519482	3.0151428499257635
0	1.3898489435574033	6.73102552743292	13.479758545049032	16.803064732209553	11.444854797822424	4.130094494912359	3.612634257804551	3.9397308809231415	3.7321413615220447	6.0202772456603935	2.788568707039427	6.922142828942315
1	1.2568153456470823	2.404401962684351	1.3307063013348437	16.78763684806674	6.198102707949321	3.862091346568695	0.5434260420202798	0.592707170843902	4.035095242667195	3.758128789266189	2.4195841507507803	3.0151428499257635
0	4.882333157811781	4.276175241121148	3.7627309919070697	17.04131156494968	2.846598968151417	5.300035533026914	10.98413071160084	10.782464818929927	14.690965930561848	6.622934214444364	12.53951529734335	7.258922719502171
0	1.553308746220513	15.619864269669746	14.643708175699096	16.86533024061586	2.618990132940579	1.257246342999596	1.0068559465846634	0.9639403227531508	7.423355091651972	8.454854282643414	8.939896336308115	12.53951529734335
0	0.9486581601998942	8.443565103375192	3.795856940042861	16.78763684806674	3.9317445880896127	11.642818720724058	0.4006205890799882	0.3618692020205506	2.046301159240618	5.425380145546384	4.437190117392509	6.915793493280638
1	20.462274228095847	4.276175241121148	3.72224594357917	17.561007901559286	9.420564576606228	10.963940322753151	10.279534382179191	10.759343496426151	4.967580164413214	23.50861542742392	19.529215340703537	3.0151428499257635
1	26.81854761783816	21.03706927861265	34.30042788790016	21.699714008049416	25.057635027281343	19.676447908910603	11.400081774274982	11.178654323502377	17.826598186753962	9.56409861916175	18.41211063195809	3.462536005020379
1	1.144922543681113	2.404401962684351	3.5478788825711605	16.86533024061586	2.7622792444548723	7.616568721000161	8.962707304052982	9.4233892562629	1.05061085702647	0.1483565288158632	2.3464133926979733	6.500136614526778
1	6.337460487382246	4.276175241121148	1.276252696393938	16.44712953779249	5.711448315580128	11.53580984616772	8.887132111233225	8.862229836473585	8.202350194613139	1.6494182256807957	1.0712091920692592	3.128378026972334
1	3.8020478816743273	4.276175241121148	10.201096654587216	16.63629941677617	8.23446479610731	0.070264140751966	11.17019678466778	11.733250428125292	1.383632048071806	1.3333373261441284	4.88034735767703	6.448553687606543
0	13.611151771079443	9.608100462834042	3.1925112801891005	16.66614795227079	4.757037801875561	0.6436764833409848	0.775515488018516	0.7252720017491942	1.785992537566539	5.567221869746174	5.315370032556576	7.04131156494968
0	5.009305321353556	4.276175241121148	0.0656753684407924	16.504462975321918	5.774408194517813	9.35053815106848	2.0962086635217565	2.2354073120133062	0.9784679346537606	0.0673136591611263	1.5885195008872124	3.0151428499257635
0	2.655709645123264	4.276175241121148	6.425823142716012	16.562563438088226	0.2613335825665711	4.391713839885302	3.1569873418020022	3.214777650571817	6.013828922546964	4.056392261070505	4.602542513750773	3.0151428499257635
0	7.586847853465246	2.404401962684351	4.792886071965127	16.944438890918363	8.124134910321741	4.130094494912359	2.1066786416376013	2.0815929700477582	9.16558832085759	4.425552826569232	3.919792617921573	9.474550192632488
0	7.120396205229986	2.404401962684351	9.298063139643771	16.02673515736191	2.360838107708293	14.486772797114718	4.701432009240727	4.865482728839137	0.9784679346537606	1.2430459658169872	5.33186016052812	5.915715097180874
0	5.13062741469634	11.444854797822424	6.930092574561385	17.07408866256204	2.93766253129724	6.750832010683063	8.768882406203907	8.744647160170611	12.945920894445024	7.871827362055247	11.98063761958512	4.990937576224932
0	5.367249771739044	8.443565103375192	3.836256718060262	17.04131156494968	4.885313561556131	6.2169675304962135	1.5556164910110035	1.5192967281018233	10.384020852976285	1.3368478404862538	4.141802806927023	3.0151428499257635
0	9.951546679227004	6.73102552743292	1.997982893886412	16.86533024061586	7.64461797772063	0.4658649226526312	2.6975437565872817	2.902896030946631	4.475002064870729	0.6669409746725941	2.4195841507507803	3.9493338584544073
0	10.214636633813488	10.137352017301335	6.0695999225721255	16.02673515736191	1.2585395917517297	2.067026299116391	3.3823519178834123	3.4682692663401866	12.026703465003798	1.5542316969877812	6.208872570428357	8.511744601239876
0	13.068447137580176	8.443565103375192	7.498886470556432	16.86533024061586	4.443469291001741	0.7047289518625426	3.381648891606032	3.4682692663401866	4.643708175699095	0.919450350834772	1.992874147480305	4.169526506649603
1	1.7107045768063045	6.73102552743292	6.678145045035418	16.02673515736191	7.564689923669647	7.410893261525983	3.877035842264656	4.228072512440645	4.421978386187181	4.143478002634981	4.2340562972143	4.465067071870238
1	0.8022151927762531	9.057765200230374	3.6580949275526335	16.44712953779249	7.042944557944679	2.5609935150563974	7.6035408073380815	7.659651986049416	4.24004833792699	6.1274191039669486	3.828458287487496	8.010411695030244
1	5.990693914673657	11.444854797822424	19.22186917094185	17.310727844539976	0.9174569855732508	5.552132109102943	4.907232577117781	5.3561595082582825	5.0380326774415405	8.482068647323683	6.09841329304376	10.927832490397403
1	6.536321999826739	6.73102552743292	7.214519436396724	16.59190777147872	5.415263277150709	6.750832010683063	5.154880902723827	5.6057637870914965	6.106304775806911	8.672742457734973	3.985535330802662	3.0151428499257635
0	0.4315161933758461	2.404401962684351	3.025492440332338	16.18467782919423	0.6347042260689663	11.132340367369942	3.07106415773712	3.1210895375037477	3.1144742356625423	1.803553609847147	2.596050437438331	3.0151428499257635
1	2.1796177279790854	9.608100462834042	3.912637192344779	16.86533024061586	5.947327879209537	3.862091346568695	14.20591892991322	13.79276477556974	4.521363611528979	1.3716673948113836	2.7714319239626874	6.472835961660191
0	2.886557339226788	4.276175241121148	0.9430414178496592	16.533416048016054	2.986807996740733	6.389137880627301	1.187976679118084	1.1440825968998407	1.3311446947959775	3.184442639096221	1.0898315958333566	3.0151428499257635
0	2.7367538865649466	2.404401962684351	1.2451945557876067	15.988130949229529	3.9317445880896127	0.8734382665042467	7.314203590879183	7.387844306569049	4.404150180448652	2.4359502801509887	4.270133182363982	3.0151428499257635
0	1.4170411939485263	2.404401962684351	2.0983006408353435	16.29325710507631	4.805551988435125	0.3653778020005513	0.8510062602478087	0.7960093225495496	9.38961375366829	3.203967576990431	0.6635561290047114	3.0151428499257635
0	4.531428378070784	5.649388141488883	0.8057098957563051	16.013828922546963	5.89434909780726	11.53580984616772	2.0962086635217565	2.2354073120133062	0.9784679346537606	2.701148358940315	3.4290050940620844	3.0151428499257635
0	18.810395267642285	7.710779461255813	10.563953165807984	16.726467599969922	20.39107681686637	18.78592790817141	11.16597418363602	11.733250428125292	7.243500922523127	2.3111091885780715	4.516796417061332	9.431874335130727
0	2.1282213314549745	7.710779461255813	4.78413894953378	16.000960928483803	0.9659551429326584	1.752531013928062	2.105106534898612	2.24405429310587	8.567069487239486	2.8515737050287395	9.785633836651543	11.88496308193468
0	1.238751972171711	7.710779461255813	2.1972426896378434	16.078747094219988	3.038464208694853	0.9707945285042956	2.9983771920894737	3.036515971734017	5.3906319180032725	1.999516690412696	6.307022393364345	3.0151428499257635
1	6.124774192302355	2.404401962684351	1.533053295888548	15.886833183351614	2.618990132940579	1.6141802045414528	10.255511710313304	10.717271487078204	4.794832271782161	4.533260844266338	6.408852968785766	3.0151428499257635
0	21.03706927861265	5.649388141488883	1.6792407335813884	16.92850146085279	2.6706041820458326	18.78592790817141	12.78979535436266	12.470578217864343	0.9784679346537606	4.539680571701422	2.8273755071382185	3.0151428499257635
1	23.886501036317917	19.55826524713761	19.55826524713761	19.276156688055835	14.317834503663176	13.648366607357044	9.34776044402206	9.804101383199416	19.61695458377859	19.06296321978452	5.617511007721605	25.6081106905904
0	1.2992577050014662	6.73102552743292	1.4103387725055294	15.962584141335372	3.359211929494548	3.142326473802303	3.107209023260391	3.369013840388666	4.982799003088385	13.088113336403948	8.38755523731517	3.0151428499257635
0	20.683149527724236	4.276175241121148	4.031011608309868	16.25222110068854	18.41211063195809	19.587510777310776	3.324384599156053	3.603746918784205	4.744512383842919	3.582343969568873	3.770412183897077	3.0151428499257635
0	0.1781751291890417	7.710779461255813	1.7021008972653264	16.362524040991975	0.7432315017605511	0.2021106900400934	2.763498487814658	2.781828332775041	6.269955782988875	4.1957321899362405	4.640888996879532	3.0151428499257635
1	3.303621476807661	2.404401962684351	7.885686782859167	16.320831450528203	5.380595579380493	18.78592790817141	2.7361479647196623	2.949737749665684	0.9784679346537606	0.1466873851621905	5.835819636606837	4.720526103831859
0	19.82884757447797	12.522178169253344	4.45335494307343	16.92850146085279	19.276156688055835	19.587510777310776	11.17019678466778	10.972005217956646	6.503020376132758	12.692742269288882	9.052573394687938	3.0151428499257635
0	5.808691556911896	6.73102552743292	0.0857048625272873	16.772263576017448	0.8521840080025602	14.486772797114718	4.254634948878046	4.670109137361179	12.45919434550345	7.672849571084422	7.052755431437059	3.4977716145017146
0	21.747702836867106	11.04527125426868	5.039062177225674	16.803064732209553	3.884132803148785	18.78592790817141	12.19991938914879	12.680761724259412	6.553798662521939	12.895347457518367	8.805490755750032	13.761963619377635
0	5.744025078998709	10.604558980536718	7.319422431666263	16.533416048016054	8.310335489666727	8.037024214149739	0.3660798622702713	0.4098307528332129	9.503235533504451	0.0656753684407924	3.5136851542955005	3.4977716145017146
0	20.95589037639085	10.604558980536718	10.110789580863935	16.320831450528203	8.275487199827351	6.750832010683063	5.22523942683387	5.675536218841191	7.72222332774319	8.057606929543478	10.276094425707043	3.0151428499257635
0	21.422410588597906	5.649388141488883	0.3681867242871893	16.92850146085279	4.6249481257115415	13.068447137580176	13.902322346416655	14.423765238637417	2.6048590635783118	10.276094425707043	9.3840099531243	3.0151428499257635
0	20.15069440819198	9.608100462834042	1.4107852789387645	16.99260513123627	9.555351496730404	18.78592790817141	17.48801551414429	18.00633189687297	14.468677167522031	8.327865058648744	17.310727844539976	10.57498988030946
0	22.099347007499613	12.522178169253344	11.771897578101228	17.15713029044783	18.934843462184865	19.587510777310776	17.123722857877542	16.43291366644455	4.584886353439551	5.267357088258424	2.3171567106653854	9.049979817531709
0	5.40853176742943	4.276175241121148	0.1650833435887407	15.937186730832645	13.966190333030664	1.982165301427348	4.438983240794957	2.729488397929352	3.414814769988008	4.3748927095788055	5.812380877382124	3.0151428499257635
1	0.3819062973137842	12.820574681062112	17.416229667873054	16.78763684806674	6.890488572051302	5.300035533026914	1.114786336888369	1.0707962664859645	3.6580949275526335	17.48801551414429	1.7126188224875585	3.0151428499257635
0	2.53083808203108	4.276175241121148	2.4055247509064874	16.418744176488484	2.6706041820458326	0.744380378312121	2.8559312792111675	1.9074330966312365	3.252826221514911	11.037069278612648	5.703042225928692	16.533416048016054
0	0.5361183761213724	5.649388141488883	0.224479582792708	16.404620766255906	4.757037801875561	2.5291047174824137	1.4286832841551445	1.1973190887067613	3.76503392337192	1.98165601443538	3.609669790236183	12.280997253883658
0	0.6369455532229786	4.276175241121148	2.401596261430988	16.44712953779249	0.457610759044317	2.7452456808160464	3.399964663326603	2.5814089805829226	4.4192994852166425	0.6406836708741748	3.0144968187131136	16.533416048016054
0	3.0599526967998574	2.404401962684351	3.366911567744615	15.886833183351614	0.6347042260689663	2.634350857061059	1.4928236246374955	1.452963192122857	16.404620766255906	5.869346467904094	4.149346281441791	4.703337645435862
1	1.933040452833715	2.404401962684351	1.0113338391882756	15.937186730832645	3.7497040634059866	3.65509927658438	4.962519046465963	3.588237703900417	0.9784679346537606	0.9861549226927314	0.3461154854309817	3.0151428499257635
0	0.745912686634988	2.404401962684351	4.294352017271258	16.052663263144705	2.049403632156722	10.963940322753151	1.4941889727710462	1.5778334584979383	15.357267261055778	3.017081520363001	10.578675026749522	6.690175370786435
0	4.183032274016978	6.73102552743292	3.7796475830584697	16.92850146085279	5.510616653962799	5.807462479552897	3.4546651085568527	2.7799918630236498	4.130094494912359	1.9385834590986653	0.89836708749994	16.533416048016054
0	3.958958116839706	2.404401962684351	8.360924935260288	16.18467782919423	0.8521840080025602	1.0617218224950715	1.9244878799076908	1.9009298088126327	7.994115447695163	4.342321571139735	5.288024867167069	3.0151428499257635
0	1.802087471932238	2.404401962684351	2.825519679967025	16.13138949414356	4.443469291001741	1.7111830591313666	1.914949011086884	2.0339133833520604	3.204642418856295	12.481992008452435	13.53038461996666	3.0151428499257635
0	4.601611450435162	4.276175241121148	2.120327458056528	16.78763684806674	0.7432315017605511	0.1187412672214997	16.533416048016054	15.911936980527608	11.467415600864664	6.331910397401293	1.207107689140336	12.984241244408906
0	5.234922696885662	2.404401962684351	1.2650116184112674	16.25222110068854	7.684193795607861	0.4508039148740912	0.9043236716445668	0.9639403227531508	12.615453052669835	11.549618903331575	7.137055009004676	3.0151428499257635
0	10.16072817041955	5.649388141488883	7.257206479677808	16.052663263144705	0.9659551429326584	0.5445232532313959	3.4141064694369745	3.7359533031509873	10.57498988030946	9.483135918300004	3.251461588410508	3.8160098523961175
1	6.888911899382312	4.276175241121148	0.3671331655178532	15.886833183351614	13.966190333030664	0.8734382665042467	4.962519046465963	5.400691503860201	2.0530259872947223	4.734901968726174	4.781227152697226	3.0151428499257635
0	6.420159046942125	2.404401962684351	5.43213784113034	16.404620766255906	6.508793650255175	3.7321413615220447	1.7135762618254378	1.6849445034532706	9.91658681755302	6.907869855215055	10.67183485831336	9.029286771502113
0	5.509469092899435	2.404401962684351	3.075647741085048	16.562563438088226	2.8928341791964702	0.2021106900400934	9.32560251422646	9.235377563851442	10.852576661573556	15.390631918003272	9.409284194110969	4.902241259686368
1	5.128524802784521	4.276175241121148	1.7665631580224428	16.404620766255906	3.3091486106354906	6.750832010683063	1.5215864654981617	1.4910038279131803	2.4128299583800468	5.784175856367071	3.251461588410508	5.540560173615282
0	3.2357990499389504	2.404401962684351	3.884922070723703	16.63629941677617	7.439430167941002	0.4658649226526312	2.713788079760269	2.92435518285386	9.532111602777556	2.849085624285217	1.2862210387612487	3.0151428499257635
1	15.078365113509998	5.649388141488883	0.1593889953182712	16.78763684806674	5.947327879209537	0.1919809743163575	7.167202838029885	7.625898359000622	1.915952116488972	2.086285509476775	1.2250396535074497	4.248622762862359
0	2.369738727847434	4.276175241121148	2.1435236253681325	16.404620766255906	0.1104585763426795	0.8734382665042467	9.785633836651543	10.23502608356061	2.8304703158055133	3.2222252154196824	10.190969301022417	3.0151428499257635
0	8.541624731093702	6.73102552743292	0.308884548317997	16.78763684806674	6.440015785474619	0.4518779707269831	10.980085117624984	10.782464818929927	8.070003545436347	1.1394657911488573	2.2739102903267776	3.0151428499257635
0	7.389612966670478	4.276175241121148	0.514268867587919	15.86187366166855	3.2201927944392783	0.0699362104600421	0.2126029438587258	0.172463600734728	2.6497661040026	1.703056020387503	3.003528965907152	3.0151428499257635
0	1.6113734757800189	2.404401962684351	0.0689525681277183	15.86187366166855	2.7204235964354275	2.5291047174824137	0.6922225355207421	0.6455480389911655	4.474097943951666	9.375617786611397	1.0898315958333566	3.0151428499257635
1	1.1833129999459149	4.276175241121148	1.482824165900897	16.11816895176061	5.258684205058528	3.3084573341009578	3.974240279392963	4.346708827618539	6.911037575865366	5.5695480319973045	16.052663263144705	3.0151428499257635
0	2.0530259872947223	5.649388141488883	0.4472256458910487	16.14465040465749	2.2755447172992262	0.6369455532229786	8.637231672652048	8.613718107801194	0.9784679346537606	7.737528875986566	4.154382553539653	3.0151428499257635
1	2.8441137349968844	5.649388141488883	8.31252282026901	16.320831450528203	5.164408390608588	1.6141802045414528	12.633167332099644	13.134350448017678	6.059169548734672	9.57286339472804	13.140996118509612	3.2242585879823205
0	0.4482988170556133	4.276175241121148	1.229748381287178	15.53824948198374	1.5445504827245506	1.6631206142169392	7.858012029462875	7.883704155653297	0.9784679346537606	5.257601311443882	0.0715761095918	3.0151428499257635
1	0.6264959086754045	4.276175241121148	3.546418332761184	16.533416048016054	0.3928426005129906	5.552132109102943	3.355716601483714	3.6506096709271088	5.05660111588043	3.4468084510388675	4.88034735767703	3.0151428499257635
1	1.4647021082309166	4.276175241121148	0.0041968620733018	16.78763684806674	1.7743244822264317	1.134853888122478	13.53038461996666	13.081548036863351	7.138724409301622	8.461641902913902	4.443469291001741	3.0151428499257635
0	15.727102923587475	5.649388141488883	0.4777353221433771	17.398467087615025	1.4946441842193992	2.0303069279893187	2.5575033368730837	2.7458528733817373	5.11907562623657	0.6127259019979466	3.173037664298439	8.611373738071375
0	1.768502189115724	4.276175241121148	0.1503603483618857	15.9753387608378	4.885313561556131	0.4091215848337544	2.578486603230856	2.7665480945820784	0.9784679346537606	3.071718659255807	4.832958537564312	3.2242585879823205
0	12.914243548905237	6.73102552743292	0.7436144268429344	16.11816895176061	4.885313561556131	0.9214446314498006	0.9094926612817612	0.968777462461334	3.4042023720567567	1.072035161036951	2.9281531234710965	3.0151428499257635
0	18.98563871747761	4.276175241121148	9.724636417942538	16.279535309082835	4.443469291001741	12.481992008452435	5.025697677947404	5.204867595488409	14.73874358314653	14.11342290123773	9.060363432326437	5.838294249106289
0	1.030518832696559	2.404401962684351	0.8837090158149851	16.000960928483803	3.7497040634059866	13.068447137580176	0.9724088561203303	1.0382985879058582	0.9784679346537606	2.679565485491616	3.246688746461692	3.0151428499257635
0	1.7212433847595785	2.404401962684351	3.497049655424492	16.000960928483803	3.0808920524471755	1.4996546617807032	1.2788509284900005	1.354883899589694	4.072021779134884	4.211872247938036	7.284748037340888	3.0151428499257635
0	2.274455030975851	4.276175241121148	4.498575518426812	16.052663263144705	0.9174569855732508	5.01442128945492	4.368711837592513	4.793859062855056	0.9784679346537606	1.0613097979400423	0.89836708749994	7.145408434967323
0	0.182884387451299	5.649388141488883	4.070373915400816	16.418744176488484	6.810799275338548	10.4983154707841	14.73874358314653	14.300427887900163	3.588974983389334	0.8275181293391308	1.4960101049159964	4.861527405415435
0	6.99260513123627	2.404401962684351	0.7501293243296959	15.53824948198374	3.2201927944392783	9.18159427811142	21.747702836867106	20.64554803899117	0.9784679346537606	0.1041742790227302	0.3398299647758329	3.0151428499257635
0	6.15528836421778	4.276175241121148	3.512236056911675	16.15795193058096	9.227267487136023	9.68844500167523	5.362810267320728	5.816073334585454	4.638071646914344	2.807620784489925	3.3188380532948254	8.010411695030244
0	10.25893539580321	2.404401962684351	0.811929653094416	16.11816895176061	6.810799275338548	5.807462479552897	10.30369067308978	10.770888770799283	1.1470231216272797	0.8322056039647587	0.7913607325215295	3.0151428499257635
0	6.265856731416023	5.649388141488883	7.30378468587643	16.052663263144705	3.2201927944392783	2.695142349382589	10.314084642516242	10.782464818929927	4.297822902426259	0.7793748545028628	1.1676627314096375	6.245419306316161
0	2.5662340470821423	2.404401962684351	9.205714366874677	16.533416048016054	6.766129472145934	0.3928426005129906	3.079580380791469	3.3361945819474563	4.243476076715059	6.523260501803902	1.7126188224875585	8.130424476691173
0	1.0712091920692592	4.276175241121148	2.4438732986980054	16.052663263144705	0.9659551429326584	2.5291047174824137	2.3803319613634604	2.5627396565336618	6.904704443399243	2.8193393106031954	1.0048220661470633	6.368113417334953
0	8.297234590383551	2.404401962684351	7.300317264679038	16.803064732209553	9.057765200230374	5.552132109102943	6.812347838314139	7.264075512061202	22.965038804197988	8.50259192173206	4.776378492129918	16.86533024061586
0	0.2884910415999094	2.404401962684351	1.7597833587567822	16.651198041401276	6.724949353207724	0.6771113691999059	3.418358006554812	3.512236056911675	5.316467428600072	7.907555628797793	0.1997449755165384	4.770567235929608
1	9.706503010307854	2.404401962684351	0.6078981377958552	16.11816895176061	5.549815253983161	7.867875637652446	2.120327458056528	2.0983006408353435	0.9784679346537606	1.813340531890984	1.1398852980140983	3.0151428499257635
1	11.522044557879688	2.404401962684351	7.729869359329122	16.78763684806674	19.358881947715734	9.68844500167523	3.3599113328005177	3.655847995630977	3.196551229149293	2.652142544455348	0.2585929057735369	6.087913572440751
0	2.846598968151417	2.404401962684351	1.4161469398901767	16.74167933117525	5.069024327648155	15.49229196509225	0.0463900664140525	0.011632029383969	5.66244250109516	1.4941889727710462	3.518760806218624	3.0151428499257635
0	12.493435874939816	2.404401962684351	1.1512273279759635	16.92850146085279	0.1104585763426795	6.750832010683063	0.7843971637088727	0.7344335306504537	3.4783207218877337	3.614117250756995	1.207107689140336	3.0151428499257635
1	3.8487634072478776	4.276175241121148	3.5136851542955005	16.11816895176061	6.358336724435198	2.4365157309452306	13.537665333857989	14.105111042587607	0.9784679346537606	1.1947691650681684	2.750713472455449	4.169526506649603
0	10.84081246976875	2.404401962684351	3.892822645613175	16.99260513123627	3.9317445880896127	3.248733607906846	0.4983154707841015	0.4597625071407041	5.179270597111624	1.593639526453098	0.4190604902694237	3.0151428499257635
1	10.770888770799283	13.544958273974856	7.036416266870937	16.320831450528203	6.440015785474619	12.481992008452435	9.094282669117804	9.55243969989385	1.9562675122298063	15.949866870699	10.919849133702598	3.52238990713928
0	5.922019271344936	4.276175241121148	1.9587996939930077	16.171294321471606	1.4453048672377224	4.819233644094801	7.640867593360594	7.695567730050485	0.983321291261336	1.3827446461849764	1.3465164121803397	5.097107172504268
1	7.917532533757593	13.79276477556974	2.8715298335097392	16.711308963920427	4.220391169498568	2.5291047174824137	7.701265887201661	7.745201925365985	1.4394575997553407	1.915952116488972	3.713131680382963	3.0151428499257635
0	4.239191825781619	2.404401962684351	0.6658123996342278	16.78763684806674	8.376439426744524	0.2517487710042517	21.377867174335403	20.355911079638	1.3650345805825947	0.0255667969423068	2.3663988572759878	7.933543408367334
1	19.767244487429785	10.137352017301335	12.259228061340917	17.328134460302987	5.164408390608588	12.481992008452435	11.850239180522632	12.341431363807825	26.97649028967048	6.140667878180307	18.067934983921155	5.778068493781287
0	5.219869146912491	4.276175241121148	0.4087670442548374	16.052663263144705	2.1844174464477644	0.7882644345067423	6.968455236834467	7.052755431437059	1.1964689477979034	3.1250635607967805	4.308252232599126	3.0151428499257635
0	12.291922906989388	10.604558980536718	3.1985726137885457	16.756944530789973	4.220391169498568	3.781959504762804	12.609564313029937	13.114474235662543	2.046301159240618	8.21730746092689	6.760004020045798	4.875386826219356
0	9.9134225588928	9.057765200230374	2.505484477845661	16.104988532481475	5.744025078998709	0.0200523575470822	5.611633425529282	6.048764165334664	1.3342146887368158	9.0785947117133	7.314203590879183	8.682261244710588
0	4.791913299014698	7.710779461255813	0.3963763230993527	16.15795193058096	1.9593063075624395	5.807462479552897	3.219515532087959	3.486954809858837	3.7550633613506497	6.658666563996855	8.73017066403633	3.0151428499257635
1	15.078365113509998	10.137352017301335	8.151455727568816	16.334684555795867	0.8521840080025602	9.18159427811142	4.869441657845309	5.034945641543974	8.164123538647756	11.526628141227617	6.675142663430163	7.706971530438391
1	19.14168945078337	4.276175241121148	13.67084954705506	16.99260513123627	10.07124808022354	5.431010828066008	10.623142427030396	11.103122944597915	2.870279885359212	6.122130890444106	4.698575121854053	3.8160098523961175
1	15.19418383900815	6.73102552743292	1.7260422193020244	16.772263576017448	8.525509889527909	12.481992008452435	21.422410588597906	22.53951529734335	6.624417207396808	10.743997385691472	2.008730862509153	3.0151428499257635
0	12.130855814289191	7.710779461255813	4.161106680788123	16.756944530789973	12.183883882368338	2.8422507429818857	5.075249285454047	5.252190889890721	4.161106680788123	8.912177998521125	4.991955971075192	6.312540748387669
0	10.048347376513597	11.04527125426868	7.326390655895285	16.726467599969922	1.2147837522877736	1.134853888122478	12.464882551711543	12.167907365936196	4.374009189116186	4.483147634284	7.421572639413107	3.0151428499257635
1	3.487675092606824	4.276175241121148	2.958019128434262	16.18467782919423	0.8521840080025602	0.6771113691999059	14.596959125599229	14.155222500320924	0.9784679346537606	0.4151532072177132	0.283665929805549	3.0151428499257635
0	10.214636633813488	8.443565103375192	0.0689525681277183	16.013828922546963	12.63908818484907	10.963940322753151	1.7087911744979964	1.815300565691164	2.4455729705554705	2.1801507681539216	1.014593390758142	3.0151428499257635
0	11.178654323502377	6.73102552743292	0.7979477045585341	16.13138949414356	4.072845945532468	2.4365157309452306	2.3303806076697047	2.322661775186294	6.190042801858003	1.7457730679755268	1.114369247349606	4.169526506649603
0	9.706503010307854	4.276175241121148	1.461990309941725	16.013828922546963	6.970061058564367	1.3337759852848508	0.3422732530647666	0.3812016741567212	10.534658317335044	0.4813388278421793	0.3398299647758329	3.0151428499257635
1	20.39107681686637	7.710779461255813	7.319422431666263	18.859747444397406	9.083817736779428	10.963940322753151	4.672001075887738	4.820212556489125	2.7799918630236498	3.455380055437886	2.1072028037067945	4.738743583146529
1	18.689414051409603	5.649388141488883	0.25380087916294	16.84967997207959	4.123418175658995	8.703755104019585	1.461538508139598	1.5440900103900232	2.764108237878001	3.7796475830584697	4.176274140275833	9.211092627399834
1	20.39107681686637	2.404401962684351	3.800499318698736	16.696203053668043	1.7743244822264317	18.78592790817141	2.1498714142970634	2.126114895221594	0.9784679346537606	0.8026033542654537	0.2846994311357029	3.0151428499257635
1	17.597969357158924	7.710779461255813	0.6119828196419488	16.418744176488484	1.9054310475838965	2.056651366282095	12.939566914059188	13.494163018682103	0.9784679346537606	0.0607642010973075	1.8319966653869653	3.0151428499257635
1	3.5529946784901334	4.276175241121148	3.2317224431136227	16.052663263144705	3.0808920524471755	1.6816163940634878	6.16595244525195	6.305643899520353	0.9784679346537606	6.10762141817535	1.2100912128587564	3.0151428499257635
1	0.6910873724162964	2.404401962684351	2.1556983826663925	15.937186730832645	1.0117411493708983	4.668218022670278	6.438594432223828	6.911037575865366	5.666009601763076	1.955255052773296	0.4791763656469453	5.158054410222752
1	12.374753354534707	6.73102552743292	12.814401339839227	16.29325710507631	0.457610759044317	5.171833136276613	8.768882406203907	8.744647160170611	12.753145813498604	22.965038804197988	20.462274228095847	12.194567638848596
1	11.661701119247926	6.73102552743292	1.707356675783374	16.562563438088226	1.9593063075624395	1.851227448775623	19.954738847558176	19.011260885123612	11.311897123803096	6.963641331129283	6.970061058564367	12.09934700749961
1	5.466084951070069	4.276175241121148	6.790718043526973	16.404620766255906	1.2147837522877736	0.7241281683325386	15.183526300361551	14.690965930561848	7.469957505511666	17.925530592775054	24.13009449491236	9.622867375459832
1	16.681149503694872	8.443565103375192	7.300317264679038	17.328134460302987	4.123418175658995	13.67084954705506	8.204483795647961	8.183194807826744	5.6803073753979945	5.413018281071236	4.730104724430778	3.0151428499257635
1	9.643625771917382	6.73102552743292	1.3311446947959775	17.008779990972464	1.4946441842193992	14.486772797114718	5.818536717986175	5.975338760837799	0.9784679346537606	1.4778330570603426	5.616334854750562	3.471856401936072
0	19.70650301030785	2.404401962684351	0.7302320974034392	16.279535309082835	1.8143204382171252	12.481992008452435	21.377867174335403	22.369181904355543	3.289834338819007	4.318706668505755	3.5522634814484144	10.817379257418557
0	21.16175568420863	2.404401962684351	0.1704495591996218	16.84967997207959	2.097777552027842	10.963940322753151	7.758662469120557	8.183194807826744	5.461543309015358	10.560280484981046	10.988180077692835	11.004415404334974
0	21.422410588597906	2.404401962684351	0.1330245511365562	16.803064732209553	2.138768865040231	13.648366607357044	1.438109347614632	1.3951848035332577	2.527949525343928	6.199447481088733	1.1892494612751057	3.0151428499257635
1	12.95228418469556	5.649388141488883	9.41492072289572	16.92850146085279	13.174377872554416	3.252826221514911	2.4894270906196785	2.4928629648645777	6.907869855215055	2.2984915164881605	1.928510522148774	4.575622389135403
1	3.863662031872988	2.404401962684351	7.120396205229986	15.962584141335372	6.649705876872243	4.347586811007565	0.3102706314125146	0.3489119728547363	3.028083696267823	4.157743315803733	4.018783693655463	5.0226193944264175
1	0.5529444277991233	2.404401962684351	1.4259938766056643	15.86187366166855	3.038464208694853	6.389137880627301	0.3144315369466371	0.3531100832048647	2.8634115936524656	0.5941868794848034	0.1416837998101117	3.0151428499257635
0	5.597559597974248	4.276175241121148	6.396168713989056	16.307022393364345	5.216650163576215	1.6141802045414528	0.3724035170635218	0.3356446658791285	3.8237859418845623	3.065178078472842	11.481008553491916	3.0151428499257635
1	1.0522551333618833	2.404401962684351	4.879354798006607	15.86187366166855	1.5445504827245506	6.750832010683063	0.8592572095970588	0.8080412610188941	2.959932460495036	6.222372565193917	1.815300565691164	3.0151428499257635
1	10.293321520167847	13.2829571484365	12.104582625757612	16.14465040465749	9.8599799287194	3.576458222682544	5.267357088258424	5.717462642561308	13.2829571484365	4.403260688419115	5.087726032802037	5.065915191503647
0	4.025300963412054	7.710779461255813	2.578486603230856	16.307022393364345	1.352680365715727	1.6816163940634878	1.4574744055948965	1.5408680703627256	0.9784679346537606	8.59266419995268	2.6706041820458326	3.0151428499257635
1	0.4322290279804885	2.404401962684351	2.24405429310587	15.86187366166855	4.220391169498568	4.94737098500091	0.5077353931636899	0.555510638462	7.231543938083984	0.6130974908596947	2.0894166882851093	3.0151428499257635
0	5.428757678952419	15.53824948198374	6.1619503456116185	16.307022393364345	0.8521840080025602	2.3347975364196465	0.6963873406007735	0.7482121632960324	0.9784679346537606	1.223756340574488	6.947633407295594	3.0151428499257635
1	0.6710815940986482	2.404401962684351	0.0424780906332262	15.86187366166855	5.258684205058528	1.186280216276578	0.0568392619968736	0.095259575613993	0.9784679346537606	1.8611225198574104	1.0288827638058478	3.0151428499257635
0	1.6958977118292975	4.276175241121148	7.818780102160153	16.404620766255906	14.596959125599229	9.18159427811142	3.270605582717533	3.5405810404589646	4.001722247860637	3.2453260402004225	1.73469350666292	3.52238990713928
0	3.4977716145017146	2.404401962684351	0.2459397247844032	16.651198041401276	2.1844174464477644	4.446163147070145	4.105111042587608	4.234911797033679	3.078924693492113	1.6188621204962224	0.6354512066038367	4.248622762862359
0	3.927756942213063	2.404401962684351	0.9246373864688272	16.651198041401276	6.930092574561385	0.7241281683325386	2.510658414968468	2.5014645616930977	1.318012102935301	0.0978990620245161	1.6949441615303675	4.169526506649603
0	2.8909501744735406	2.404401962684351	0.0022593448343703	16.404620766255906	7.529836113978547	8.10740712914408	3.53256755281937	3.858951679112934	2.991946056871575	7.80124070054597	1.7260422193020244	3.0151428499257635
0	3.97585206075087	2.404401962684351	7.347362663582135	16.651198041401276	6.358336724435198	0.5080981062234934	0.6034464984013526	0.5511123481182807	1.3210728243036884	4.811410278198025	1.5399479549315225	4.169526506649603
0	2.312757677806076	2.404401962684351	4.978735428692239	16.334684555795867	6.440015785474619	7.296852609673562	10.931829678732068	11.426890160752697	2.29028230576644	10.331463396474923	3.927756942213063	6.231847592711988
0	7.897601590933354	2.404401962684351	3.327854790965963	16.15795193058096	1.4453048672377224	0.8734382665042467	3.7245275011935215	4.071197769110776	4.451555877256887	10.07124808022354	2.056133269673185	4.248622762862359
0	8.115762965909358	2.404401962684351	3.122413807926886	15.962584141335372	2.527949525343928	0.6771113691999059	1.7670478346390976	1.8824735749481756	1.2663071819327425	15.247867400415648	10.100870403002585	8.47297823098739
0	7.971807486897864	2.404401962684351	1.832980790661748	16.14465040465749	1.3956297545934322	0.4820598879167281	7.148754309415583	7.228133694627221	3.974240279392963	7.807079300778743	2.2256999930900263	4.248622762862359
0	1.6418767524264628	2.404401962684351	4.643708175699095	16.000960928483803	1.9593063075624395	1.4637979873118536	1.3650345805825947	1.448456659790469	1.153751806725035	3.076958225349376	3.2726617390657484	3.0151428499257635
0	3.612634257804551	2.404401962684351	2.792249688883495	16.02673515736191	9.227267487136023	7.296852609673562	3.1091892397939915	3.369013840388666	3.878611942742499	10.31755483432615	1.973007260692794	4.875386826219356
0	5.546342287129527	2.404401962684351	7.270955426084605	16.320831450528203	5.380595579380493	19.587510777310776	2.3375603998114043	2.33093247816019	8.299415330986255	0.283665929805549	0.5886405697372938	3.0151428499257635
0	1.533053295888548	2.404401962684351	2.208495930704872	16.052663263144705	0.3928426005129906	5.300035533026914	5.888084932839752	6.048764165334664	4.216981595373269	5.576534003721953	0.1997449755165384	3.0151428499257635
0	1.3149535371131018	2.404401962684351	3.6926942552831	16.000960928483803	0.7975599589380783	2.8422507429818857	1.368128633304499	1.452963192122857	0.9784679346537606	1.0514329173770285	5.003174104120117	3.0151428499257635
1	13.36621103627781	5.649388141488883	1.1185419463822022	16.818547617838156	7.092222070196723	0.6090117609873155	6.717366070647093	6.799974767782486	10.289870630181724	0.253116735365206	0.8423791886959258	4.012276189431291
0	4.456955312041524	2.404401962684351	3.090742237706396	16.000960928483803	4.842788656788425	1.8256052811296195	2.7647180735623618	2.9823171751967377	8.394238405834383	0.4759346899110102	1.2250396535074497	3.0151428499257635
0	12.275544717299226	2.404401962684351	2.1208532701304232	16.803064732209553	2.8928341791964702	8.534711047247255	17.98599019776844	17.293390716449967	7.27612252344491	11.404538362474195	1.4390081358668116	3.0151428499257635
1	7.941571035087435	4.276175241121148	2.825519679967025	16.15795193058096	0.7432315017605511	3.4768833745904724	3.8167868351013	4.163630914988237	4.272721606888225	4.677681841667014	9.083817736779428	3.0151428499257635
1	10.144018088938616	5.649388141488883	3.065178078472842	16.44712953779249	3.660343022582921	9.68844500167523	4.4623614681160095	4.8704319542397565	0.9784679346537606	0.0242686517169689	0.4791763656469453	3.0151428499257635
1	19.92292225969628	2.404401962684351	0.0656753684407924	16.99260513123627	12.146696360065942	15.324156974995748	14.63431802108082	14.180496741307593	3.398553012145954	1.2032747393086691	0.2088769838743558	3.833915718190966
0	5.050402811090386	6.73102552743292	2.2538027704179733	16.621451727719254	12.680761724259412	7.867875637652446	8.663244488243386	9.112657198632414	7.231543938083984	1.9390877197458547	1.0288827638058478	5.389515623222925
0	4.989919420126251	7.710779461255813	4.381967351451196	16.418744176488484	12.53951529734335	10.963940322753151	4.417514468825286	4.839837284048925	7.250348294566802	6.679647014553771	1.5787616364922878	5.389515623222925
1	23.886501036317917	9.057765200230374	12.53951529734335	17.04131156494968	4.167841235064996	14.486772797114718	10.117414974702708	9.961130231815522	3.973434612973988	2.100393626330808	3.851895715222847	4.248622762862359
0	9.375617786611397	7.710779461255813	7.425138275753818	16.14465040465749	3.5698462780118017	2.4365157309452306	3.577928911765014	3.679875414146624	7.145408434967323	5.2338457111841645	0.2088769838743558	4.026931810152597
0	9.375617786611397	4.276175241121148	1.0440399699947718	16.171294321471606	2.4831350390733347	7.060948123583727	3.873098091682951	3.990385074264794	8.602008893862546	9.89763575554428	9.89763575554428	5.7234853100346665
0	7.887670315581033	2.404401962684351	3.680628417151377	15.937186730832645	2.360838107708293	11.53580984616772	7.393152449196493	7.83835176583331	13.816009852396116	2.400474488256977	0.4440077226078363	3.0151428499257635
1	17.826598186753962	2.404401962684351	0.0411748813754255	17.07408866256204	2.313307313296151	16.091847993503162	14.63431802108082	15.2263142801543	13.746644574150162	5.342888467162883	0.8134859852447508	8.727762599201121
0	16.461392095172812	11.444854797822424	4.4623614681160095	17.328134460302987	4.588597479338548	10.265790874446989	2.610741422352504	2.616042366032438	4.636194428463231	4.012276189431291	4.301296563734448	3.0151428499257635
0	7.714590733829533	4.276175241121148	2.3641737029713688	15.937186730832645	1.4946441842193992	6.037087831677961	1.461538508139598	1.4224105885979013	6.527609971190015	2.4331241299770507	3.4339826817921093	3.0151428499257635
1	17.787647747918722	2.404401962684351	6.298757985886523	17.123722857877542	11.408999528576832	14.486772797114718	13.816009852396116	14.379313010030666	3.603746918784205	2.2058139416002858	0.6354512066038367	9.403654971263176
1	18.38978181763517	2.404401962684351	0.0653477844452355	17.07408866256204	4.545190758296847	9.68844500167523	12.65689933005579	13.18780275130951	3.4611038715139038	1.8462883548519085	0.0985591843573016	9.990008434541307
0	18.59499848908119	2.404401962684351	11.7092694460495	16.772263576017448	6.159284326608908	0.4665834179506606	8.689414051409603	9.133752296909734	5.1506531634568535	1.566247940185622	4.260655469444792	3.9493338584544073
1	2.865907897683852	4.276175241121148	6.958832755455495	16.86533024061586	5.510616653962799	8.627810964361418	0.1751504431800482	0.1413504323319952	0.9784679346537606	5.8718402634472255	4.832958537564312	3.0151428499257635
0	18.10949458163273	2.404401962684351	12.167907365936196	16.74167933117525	8.084511129307984	14.486772797114718	7.224726126920799	7.687981798306827	10.252090721700782	4.636194428463231	5.616334854750562	9.42621577430542
0	12.692742269288882	2.404401962684351	3.2317224431136227	16.11816895176061	7.529836113978547	10.265790874446989	0.183557555680041	0.2254990932991387	3.868377499023578	10.276094425707043	2.136129579137652	3.0151428499257635
0	13.95013506587648	2.404401962684351	1.5037584474156067	16.681149503694872	2.313307313296151	9.68844500167523	3.3571143951292	3.443241936246137	3.679122541678927	11.238322806222548	1.6949441615303675	3.0151428499257635
1	5.227389399560467	6.73102552743292	8.145135651528834	17.07408866256204	2.360838107708293	8.534711047247255	5.825935262908432	5.975338760837799	2.0956858266079808	4.145153844762291	3.7010090072806143	3.0151428499257635
1	7.257206479677808	9.608100462834042	16.834085898524375	16.803064732209553	17.27612252344491	2.8422507429818857	3.5639774327686418	3.667845088395606	12.026703465003798	0.1627377076586266	6.625900706922431	12.87027988535921
0	20.08438861920185	2.404401962684351	1.4570230733191945	16.320831450528203	16.562563438088226	41.29012793126036	5.669579634696564	6.122130890444106	3.1144742356625423	4.697623243533742	1.901929680998248	3.0151428499257635
1	2.209569190272679	6.73102552743292	6.086602890427171	16.651198041401276	1.1638644217198482	6.750832010683063	9.123191939562806	9.581645894827256	6.4357531204973375	0.1943424622164831	4.529596684741636	6.893643635625613
1	4.427341150588338	7.710779461255813	0.6116113261368226	16.307022393364345	1.4453048672377224	2.98616616642566	0.8318147877828044	0.8809414237751068	0.9784679346537606	1.030518832696559	3.66934705791396	3.0151428499257635
0	5.087726032802037	5.649388141488883	3.793537610311352	16.78763684806674	13.068447137580176	3.3084573341009578	1.9603197120283684	1.9360630337368607	4.393488281102647	9.491738651028482	12.264660138120435	15.247867400415648
0	2.148812804951412	6.73102552743292	1.9593063075624395	16.13138949414356	1.5931738200756171	1.546392860446118	8.403165325357794	8.849832040960132	1.9964496388593536	2.793477376473022	4.885313561556131	3.0151428499257635
0	4.497666477121759	5.649388141488883	3.456095120034716	16.15795193058096	2.846598968151417	1.851227448775623	3.7010090072806143	3.800499318698736	0.9784679346537606	0.189620769783812	3.5794000990484025	3.0151428499257635
1	4.403260688419115	2.404401962684351	3.0436637840768306	17.107115018062895	6.574277389408454	4.446163147070145	6.09841329304376	6.231847592711988	6.829418574250299	6.455681450274998	6.790718043526973	3.0151428499257635
1	5.271700033439368	2.404401962684351	1.0778213464633253	16.772263576017448	3.660343022582921	5.552132109102943	4.942333349800833	5.381709583444324	6.323598538751172	13.345247464668654	8.477521060710222	3.0151428499257635
0	2.3331406616672927	5.649388141488883	0.900748740874151	16.320831450528203	1.8143204382171252	0.4820598879167281	0.4457951633949036	0.4795367012471546	1.5156356574369376	5.270613889925135	1.624956166792431	3.0151428499257635
0	6.132713764566699	4.276175241121148	0.1630727209514244	15.86187366166855	0.8521840080025602	6.2169675304962135	0.2902155958135057	0.3231129151603207	0.9784679346537606	1.4466553554017116	2.249467412115321	5.621041378992315
0	3.061258452918844	5.649388141488883	0.6485442066291685	16.711308963920427	6.542139743254039	0.6369455532229786	8.461641902913902	8.42556323379052	7.250348294566802	1.0056355040252667	2.659279678056752	4.012276189431291
0	8.028818364152404	6.73102552743292	4.012276189431291	16.404620766255906	2.6706041820458326	4.765730455366148	3.800499318698736	4.15018525465391	6.531963800947168	9.748932676101882	7.729869359329122	10.721079417895623
0	6.7953439393867	4.276175241121148	5.142210011696175	16.11816895176061	3.3091486106354906	10.265790874446989	6.186018451158581	6.648214224850355	4.354617075301215	9.303557061716123	5.697047822190226	3.0151428499257635
0	1.4277866299103923	5.649388141488883	7.262357235156877	16.13138949414356	2.8002358687486764	3.4768833745904724	5.042152141652739	5.476321044160482	15.727102923587475	0.7689624257603689	6.149966127253856	18.641949701164982
0	7.180669344382605	5.649388141488883	0.1855776866501957	16.25222110068854	1.0117411493708983	8.202350194613139	9.61400120398505	9.46598140691481	0.9784679346537606	3.714649396567912	4.324816731564278	3.0151428499257635
0	3.543498705882127	5.649388141488883	0.6373192202328058	15.937186730832645	8.202350194613139	2.295205969879033	4.663493835519974	5.088767381522775	0.9784679346537606	1.33246014076061	1.561160086894906	3.0151428499257635
0	5.028778144906464	2.404401962684351	1.3885160022755605	16.651198041401276	7.963723827385724	0.7666519390137119	1.3276387855690286	1.2810173099481177	1.7539805143539446	4.134272412328388	4.389940123373397	4.668218022670278
0	0.1426840558090902	2.404401962684351	1.3337759852848508	15.962584141335372	7.248635439163399	7.028269678815237	3.366911567744615	3.660343022582921	0.9784679346537606	0.8470827395012044	2.9771904874902546	3.121751622239999
0	4.668218022670278	2.404401962684351	0.4716162160858084	16.29325710507631	14.317834503663176	3.7321413615220447	9.996451974030494	9.853735578514918	0.9784679346537606	5.729516341165024	2.778156169518744	6.490058501688844
0	3.502105891127964	6.73102552743292	0.4390067985919774	16.376510992917623	3.5698462780118017	0.3095775345679165	11.490094215422886	11.255522610165285	2.8565541468807947	9.375617786611397	3.352922363125117	6.387733078797478
0	5.670770298122537	5.649388141488883	2.000028076320738	15.86187366166855	4.805551988435125	2.5609935150563974	8.541624731093702	8.500306762605918	6.907869855215055	0.1943424622164831	3.471138737748859	3.0151428499257635
0	3.709339708764224	2.404401962684351	0.0038738825008451	15.751297664821609	0.8521840080025602	7.616568721000161	4.526850592447149	4.944347702721469	0.9784679346537606	1.278417781846343	1.4390081358668116	3.0151428499257635
0	19.797936804706552	4.276175241121148	9.219172527068167	16.86533024061586	7.439430167941002	7.867875637652446	4.447959979871545	4.599749922408791	2.3853588416586424	7.828554908940266	9.55243969989385	8.912177998521125
0	21.845301209758663	4.276175241121148	5.027751079791346	16.92850146085279	5.069024327648155	7.43764110722815	4.634318021080819	4.793859062855056	2.656304446852473	4.739704517948332	11.545011003887067	7.921529722092257
0	18.502591921732066	5.649388141488883	0.992638745591982	16.651198041401276	0.9174569855732508	13.648366607357044	5.6057637870914965	6.048764165334664	0.9784679346537606	1.769472029409847	1.5787616364922878	3.0151428499257635
0	2.9022664817944044	2.404401962684351	5.493434995713146	16.651198041401276	10.73634461751035	4.668218022670278	4.582105088650911	5.01032803296055	17.328134460302987	6.7630656661500606	8.649036368202266	25.057635027281343
1	16.533416048016054	7.710779461255813	3.290522657200514	16.84967997207959	6.890488572051302	1.35797072651898	8.83993922388282	8.82760480826713	2.389832069626181	3.4668352412919807	2.9281531234710965	3.0151428499257635
0	4.6249481257115415	8.443565103375192	1.7318078289361327	16.000960928483803	7.963723827385724	41.29012793126036	10.608269313798733	11.07823494056097	1.2293201040994113	0.4903606949343709	4.578399504109517	3.0151428499257635
0	21.20412621364117	10.604558980536718	7.965743332104297	16.818547617838156	15.346202427506084	4.130094494912359	10.262361782425938	10.717271487078204	2.8634115936524656	3.008686858222488	3.0190210566002387	3.0151428499257635
1	13.394320809616096	11.801110321558212	8.73740288022729	16.78763684806674	3.843287298491486	2.911088485330925	14.214426170280989	14.710013964689226	4.712878389209268	17.293390716449967	20.95589037639085	3.0151428499257635
1	3.386572467116485	2.404401962684351	1.920468960181648	16.052663263144705	2.527949525343928	3.2671808172857126	7.087269081841171	7.551816480522047	3.603007127483714	3.8668051076888665	1.4277866299103923	3.0151428499257635
0	14.700479504616	8.443565103375192	4.072845945532468	16.15795193058096	19.954738847558176	11.53580984616772	12.832947751593764	13.345247464668654	7.2985845916781855	4.710968562960798	7.646494385103042	6.504462975321916
1	0.3265903313273994	15.87433549179454	10.84473032733624	16.84967997207959	8.23446479610731	0.900748740874151	15.469494302143262	14.925248967726697	7.1604852112937225	3.836256718060262	6.747778973777695	6.176642776358219
1	7.779899405419112	12.522178169253344	3.874672763498257	16.756944530789973	3.843287298491486	1.9029297834365255	8.450335088875551	8.41211063195809	6.259033564546658	0.5610147727195499	5.106508620161568	3.0151428499257635
0	0.8691002508873242	2.404401962684351	0.347163957206653	15.86187366166855	4.545190758296847	0.7666519390137119	0.0913033514105217	0.1247146009928965	4.033461328118564	2.990018571899171	0.1577156069343605	3.0151428499257635
1	1.8650868695795435	9.057765200230374	2.062354511972372	16.15795193058096	2.097777552027842	3.862091346568695	6.269955782988875	6.408852968785766	5.359483614673174	9.785633836651543	19.676447908910603	9.99967733238077
0	0.7222224485165225	2.404401962684351	4.5543899670298345	15.86187366166855	1.4453048672377224	4.347586811007565	0.0843886192018514	0.1164205210512914	2.353065000613215	0.1340228145173526	0.6354512066038367	3.0151428499257635
0	4.334435660898494	12.820574681062112	0.0083977837630664	17.07408866256204	12.747067513249544	12.53951529734335	18.17258932070281	17.561007901559286	7.4952597940876124	4.400593304886171	1.874019909724012	8.889630210133873
0	0.3179020060613395	2.404401962684351	3.143657236741789	16.13138949414356	1.0117411493708983	1.081959060971278	5.126423208347656	5.285844673939039	7.125387140258143	15.215577699113664	12.248384248418716	3.0151428499257635
0	3.851895715222847	2.404401962684351	3.2446448473797904	16.44712953779249	7.248635439163399	3.65509927658438	1.1093672948023985	1.0654318035826569	1.1811948002165455	0.454385134520437	0.4554600765214777	4.8546142456308985
0	0.3531100832048647	5.649388141488883	4.243476076715059	16.02673515736191	0.57462153759103	2.056651366282095	0.7994990333191025	0.7482121632960324	3.105889380339562	5.829639267243008	3.0940306037444976	11.351358781848235
0	0.5284585378110243	5.649388141488883	2.7361479647196623	16.651198041401276	0.3210278011797858	0.3653778020005513	5.712650514845667	5.851929879833772	3.141661245215717	2.327622306643969	3.6926942552831	3.0151428499257635
0	1.54685357702418	2.404401962684351	5.0226193944264175	15.937186730832645	1.5931738200756171	1.752531013928062	0.4932516551469859	0.4536686543045035	0.9784679346537606	2.156228494942795	0.1997449755165384	3.0151428499257635
0	3.0475675549635275	2.404401962684351	0.5775691544473958	16.11816895176061	4.123418175658995	0.7882644345067423	2.1636568690771787	2.1440522535495448	0.9784679346537606	1.3628258917189229	0.6086405215274124	3.0151428499257635
0	0.656043681500897	2.404401962684351	2.633759054264064	15.937186730832645	0.8521840080025602	0.606042733478733	2.5575033368730837	2.7458528733817373	0.9784679346537606	1.3110242577929152	1.207107689140336	3.0151428499257635
