ch_name	pos	ref	alt	label	CADD_splice	spliceAI	MMsplicing_abs	SCAP	Trap	dbscSNV_ADA_SCORE	dbscSNV_RF_SCORE	RegSNPs	SPIDEX_dpsi_abs	SPIDEX_zscore_abs	maxscant_diff_abs
chr2	179658271	G	A	case	14.1	0.09	0.783266957	0.054009915	0.588	0.3528	0	0.828699552	2.4361	2.025	0.54
chr2	179569137	G	A	case	20.5	0.3	0.697391782	0.09336612	0.376	0.5	0.328	0.884304933	1.01	1.476	1.21
chr2	179404696	G	T	case	23.2	0.84	2.232130058	0.451154865	0.494	0.9612	0.714	0.983856502	0.5065	1.098	3.1
chr2	179476001	G	A	control	15.23	0.02	0.720408395	0.06559461	0.263	0.0009	0.054	0.874439462	5.0833	2.509	0.8
chr2	179444123	G	A	control	11.49	0.02	0.761535518	0.043660964	0.295	0.0003	0.146		0.368	0.945	1.34
chr2	179414599	A	G	control	1.143	0.02	1.091864589	0.028091108	0.201	0	0.044		0.719	1.327	1.51
chr2	179449699	C	T	control	10.47	0.02	0.170761685	0.015377213	0.033				0.3308	0.897	0.21
chr2	179566976	G	A	control	0.093	0	0.208596662	0.013260897	0.015	0	0	0.139013453	0.0772	0.375	0.92
chr2	179470444	T	C	control	8.599	0.02	0.117059919	0.02295572	0.011	0.0005	0.038	0.913004484	2.3529	2	0.12
chr2	179603091	C	T	control	14.07	0	0.320798357	0.025631264	0.033	0.001	0.008	0.614349776	3.3579	2.23	0.05
chr2	179462550	G	A	control	11.5	0.02	0.280288165	0.016306644	0.016	0.0001	0.002		2.6623	2.158	1
chr2	179483222	A	C	control	12.08	0.01	0.227700678	0.014930396	0.037	0.0003	0.038	0.97309417	2.9577	2.227	0.19
chr2	179444124	T	C	control	10.54	0	0.132781608	0.014221082	0.015	0.0001	0		0.179	0.681	0.07
chr2	179566318	G	T	control	10.8	0.01	0.227087081	0.014378872	0.061	0.0001	0.014	0.731838565	0.5086	1.14	0.39
chr2	179649083	A	G	control	2.741	0.01	0.102256772	0.015377213	0.053	0	0.006	0.630493274	0.329	0.894	0.21
chr2	179659283	A	G	control	14.44	0	0.116595992	0.093428445	0.084	0.0102	0.152	0.525560538	1.0825	1.518	1.5
chr2	179406316	A	G	control	2.571	0	0.122667014	0.012547571	0.177	0	0		0.0395	0.248	0.05
chr2	179472047	A	G	control	15.01	0.01	0.553104964	0.033464861	0.225	0.001	0.112	0.477130045	0.5366	1.128	0.47
chr2	179452533	A	G	control	12.79	0.08	0.577992673	0.021096659	0.032	0.0001	0.01	0.418834081	1.3948	1.671	0.3
chr2	179473210	A	T	control	13.1	0	1.029511106	0.019320781	0.323	0.0256	0.324	0.737219731	1.5748	1.812	0.79
chr2	179470446	G	C	control	3.75	0.01	0.158717182	0.022433832	0.49	0.0014	0.208	0.965919283	4.0555	2.437	0.97
chr2	179623905	A	G	control	0.852	0	0.05563271	0.014697717	0.033	0	0.002	0.423318386	1.7293	1.875	0.09
chr2	179494176	C	T	control	15.78	0.01	0.246285331	0.017006222	0.074	0.0149	0.122	0.843946188	0.9693	1.502	0.67
chr2	179565936	G	A	control	13.95	0.01	0.713004423	0.015582126	0.091	0	0.012	0.048430493	1.5508	1.802	0.7
chr2	179402650	C	A	control	1.074	0.01	1.288273055	0.014221082	0.24	0	0.122	0.453811659	7.0382	2.843	2.64
chr2	179569511	G	C	control	14.9	0.05	0.890750437	0.01481156	0.474	0.004	0.104	0.859192825	1.4608	1.699	0.1
chr2	179480218	C	A	control	9.672	0.01	0.61677467	0.011868725	0.238	0.0001	0.076	0.581165919	0.3033	0.896	0.69
chr2	179572547	T	A	control	13.54	0.04	0.830853019	0.013078289	0.45	0.0004	0.016	0.165919283	0.9551	1.445	1.01
chr2	179393954	A	G	case	14.78	0.08	0.511711395	0.012734051	0.032	0.0001	0.004		0.0087	0.059	0.12
chr2	179606656	G	T	case	15.52	0.28	0.791577951	0.090877933	0.317	0.0019	0.086	0.861883408	2.2872	1.984	1.57
chr2	179495679	G	C	case	25	0.99	2.868110854	0.802451624	0.478	0.9987	0.99	0.983856502	1.017	1.53	6.43
chr2	179569143	G	C	case	22.4	0.67	2.124136791	0.875232499	0.374	0.9971	0.95	0.93632287	9.5733	2.885	7.71
chr2	179642053	G	A	control	11.01	0	0.025660177	0.022749319	0.094	0	0.004		0.7843	1.375	1.37
chr2	179572549	G	A	control	8.718	0.01	0.244768197	0.030287163	0.108	0.0002	0.054	0.348878924	0.5217	1.154	1.48
chr2	179647163	A	G	control	15.94	0.16	0.52949726	0.026748339	0.052	0.0073	0.148	0.514798206	1.9462	1.883	0.04
chr2	179474722	C	T	control	0.727	0	0.094520133	0.011346272	0.033	0	0	0.671748879	0.2988	0.851	0.17
chr2	179476007	T	C	control	5.205	0	0.256211006	0.010842935	0.154	0	0.054	0.539910314	0.9171	1.47	0.18
chr2	179403988	T	C	control	8.427	0	0.060857862	0.008750933	0.261				0.1292	0.565	0.58
chr2	179477810	A	G	case	8.148	0.21	0.816783855	0.018381071	0.239	0.0007	0.054	0.250224215	0.9948	1.468	0.29
chr2	179572551	A	G	control	9.395	0.08	0.658730094	0.037951887	0.158	0.0012	0.03	0.209865471	3.8412	2.32	0.58
chr2	179569515	A	G	control	17.16	0.03	0.658893032	0.012296238	0.177	0.0009	0.148	0.240358744	0.6648	1.284	0.16
chr2	179478675	G	A	control	3.123	0.04	0.686979474	0.009708572	0.144	0	0.058	0.141704036	0.4279	1.015	0.08
chr2	179480222	T	C	control	13.91	0	0.132880323	0.01191393	0.061	0.0001	0.01	0.888789238	0.2522	0.779	0.15
chr2	179638848	T	C	control	0.406	0	0.081754647	0.008750933	0.079	0	0.044	0.773991031	1.0746	1.565	0.73
chr2	179499368	A	C	case	21.8	0.08	1.064281336	0.256180727	0.468	0.9994	0.912	0.970403587	2.3461	1.999	2.62
chr2	179638464	T	C	control	6.641	0	0.155183352	0.010137326	0.235	0	0.004	0.789237668	4.6411	2.447	0.63
