ch_name	pos	ref	alt	label	CADD_splice	spliceAI	MMsplicing_abs	SCAP	Trap	dbscSNV_ADA_SCORE	dbscSNV_RF_SCORE	RegSNPs	SPIDEX_dpsi_abs	SPIDEX_zscore_abs	maxscant_diff_abs
chr2	179407383	C	T	control	8.762	0	0.152317708	0.001827857	0.23	0	0.006	0.896860987	0.1438	0.567	0.07
chr2	179442709	A	G	control	18.87	0	0.876147589	0.009848618	0.926	0.5103	0.494	0.97309417	0.7651	1.32	1.75
chr2	179486561	T	C	control	8.41	0.44	0.277926809	0.001693166	0.181	0	0.016	0.756950673	0.1101	0.513	0.17
chr2	179469429	G	C	control	8.513	0	0.681112966	0.001549253	0.471	0.0001	0.09	0.885201794	0.5473	1.179	0.9
chr2	179495525	C	A	control	14.29	0	1.536862166	0.002204142	0.705	0.0007	0.044	0.546188341	0.5482	1.18	2.68
chr2	179647528	C	T	case	24.6	0.61	4.058832853	0.100901458	0.855	1	0.982	0.999103139	0.0975	0.441	5.85
chr2	179473930	C	G	case	19.22	0.81	3.465621957	0.032495175	0.938	0.9034	0.604	0.999103139	2.1036	1.934	5.08
chr2	179638560	C	G	case	25.9	0.98	4.940067849	0.147996199	0.858	1	0.976	1	5.6695	2.579	10.2
chr2	179421975	C	T	case	23.2	0.21	2.377594063	0.09082654	0.9	1	0.982	0.999103139	11.3039	2.965	5.95
chr2	179480029	C	A	case	23.2	0.7	3.458513369	0.057546312	0.944	1	0.906	0.999103139	2.4717	2.035	7.76
chr2	179665117	C	T	case	14.43	0.01	1.997663538	0.009337511	0.925	0.7396	0.534	0.989237668	4.7841	2.468	2.88
chr2	179496869	C	G	case	22.7	0.09	2.6022407	0.098502163	0.864	0.9995	0.858	0.999103139	4.6064	2.441	6.2
chr2	179566890	C	T	control	19.09	0.09	1.636217168	0.022719093	0.971	0.9931	0.842	0.997309417	4.628	2.445	3.43
chr2	179506959	T	G	control	16.41	0.26	0.220235418	0.003048989	0.501	0.0048	0.08	0.878923767	2.9279	2.138	0.61
chr2	179602804	T	C	control	16.58	0	2.337227577	0.005157369	0.79	0.003	0.032		12.0255	3.257	2.1
chr2	179650343	T	A	case	22.5	0.31	1.452777024	0.009897675	0.918	0.9333	0.636	0.996412556	8.9617	2.852	1.51
chr2	179665118	G	A	control	0.804	0	0.923945282	0.001743609	0.194	0.0001	0.08	0.266367713	0.8575	1.429	0.96
chr2	179470137	G	A	control	10.66	0.02	0.84479499	0.008649482	0.497	0.0033	0.074	0.629596413	1.9079	1.939	2.89
chr2	179470137	G	T	control	8.355	0	0.708881136	0.001923722	0.734	0	0.008	0.959641256	10.5714	3.153	0.99
chr2	179646935	A	T	control	13.98	0.02	0.787911337	0.002091622	0.587	0.0002	0.056	0.814349776	1.2247	1.648	1.04
chr2	179410112	C	A	case	23.1	0.56	3.317620671	0.077317848	0.911	0.9983	0.73	0.99103139	5.4091	2.549	12.4
chr2	179566252	T	A	case	23.2	0.85	2.347991338	0.020651515	0.894	0.9105	0.638	0.990134529	17.7771	3.139	4.45
chr2	179664549	T	C	case	22.1	0.01	1.788769074	0.035331788	0.687	0.9996	0.942	0.993721973	5.6715	2.683	5.58
chr2	179472125	T	C	case	19.43	0.18	0.998820103	0.011405651	0.612	0.2753	0.468	0.979372197	2.9034	2.131	2.02
chr2	179392998	T	G	case	24.3	0.9	4.197030411	0.088571392	0.926	0.9975	0.876		10.9476	2.955	8.27
chr2	179463230	T	C	control	13.78	0	0.850613864	0.014904287	0.577	0.4853	0.464	0.932735426	1.4376	1.689	3.42
chr2	179650572	C	T	control	12.15	0.01	0.702459656	0.002556099	0.327	0	0	0.378475336	3.6714	2.288	0.19
chr2	179504772	C	T	control	4.062	0	0.810664078	0.001608633	0.326	0	0	0.376681614	1.3973	1.732	0.28
chr2	179566892	C	T	control	10.97	0.05	0.907980992	0.003358296	0.36	0	0	0.697757848	1.4847	1.71	1.35
