ch_name	pos	ref	alt	label	CADD_splice	spliceAI	MMsplicing_abs	SCAP	Trap	RegSNPs	SPIDEX_dpsi_abs	SPIDEX_zscore_abs	BPP_diff_pct_abs	LaBranchoR_diff_abs	RNABPS_diff_abs	SVMBP_diff_abs
chr2	179478016	C	T	case	12.02	0.06	0.448084375	0.009184112	0.033	0.152466368	0.0374	0.205	0.154036745	0.011761785	0.0016	0
chr2	179639942	G	T	control	6.843	0.04	0.366050874	0.007195971	0.239	0.513004484	0.9682	1.453	0.008932006	0.001229286	0.0029	0.04705041
chr2	179393959	C	A	control	7.89	0.03	0.23559701	0.010375635	0.401		0.162	0.644	0	0.018194616	0.0019	0.1143152
chr2	179479494	G	A	control	10.71	0.02	0.187067396	0.009061635	0.117		0.4694	1.06	0.004253692	0.002631843	0.0168	0.00931585
chr2	179647343	A	G	control	13.74	0	0.381427584	0.008587833	0.074	0.671232877	0.0837	0.397	0.00023159	0.001690388	0.0004	0.00931584
chr2	179407305	A	T	control	10.52	0.03	0.618732002	0.009644652	0.363	0.863013699	0.1678	0.657	0.005770789	0.000704825	0.0055	0.32210336
chr2	179566987	C	T	control	12.05	0	0.357483074	0.007666933	0.01	0.756849315	0.5224	1.113	0.000778784	0.001370132	0.0112	
chr2	179442640	C	T	control	0.563	0	0.041309478	0.006412285	0.097	0.599315068	0.0648	0.361	0.012409447	0.000703573	0.0029	0
chr2	179476904	A	C	control	11.49	0	0.167050045	0.007949693	0.328	0.558219178	0.1719	0.629	0.029142971	0.002114713	0.0058	0.064522
chr2	179441158	A	C	control	11.35	0.01	0.081229156	0.008587833	0.398	0.856164384			9.65E-07	0.017101884	0.0128	0.05771615
chr2	179487510	A	G	control	7.777	0	0.257419644	0.024278086	0.051	0.756849315	3.7576	2.305	0.43904959	0.067686439	0.1119	0.4030979
chr2	179479091	C	T	control	2.859	0	0.071096327	0.005827019	0.018		0.1518	0.585	6.83E-05	0.005089521	0.0063	0
chr2	179448649	G	A	control	13.52	0	3.492912442	0.005762041	0.056	0.537671233	0.2113	0.745	2.52E-05	0.031045794	0.0165	0.00931585
chr2	179505373	A	G	control	0.987	0.06	0.528582862	0.011929159	0.109	0.558219178	6.0598	2.622	0.019209193	0.002334774	0.0056	0
chr2	179469641	C	G	control	0.953	0	0.049266158	0.006709826	0.123		1.2071	1.582	0.06311991	0.002398252	0.0023	0.05264294
chr2	179411246	C	A	control	0.109	0	0.426238359	0.008317975	0.19	0.705479452	1.111	1.535	0.006665557	0.010901153	0.0073	0.0573449
chr2	179499595	A	G	control	12.92	0	0.413019146	0.007225124	0.028	0.496575342	0.0017	0.012	0.065394319	0.174233615	0.2895	0.83370143
chr2	179463400	C	T	control	1.053	0	0.886091865	0.005636408	0.172		0.4645	1.095	7.46E-07	0.065156996	0.0017	0.3450065
chr2	179569154	C	T	control	4.079	0	0.292007564	0.009419867	0.085	0.756849315	2.8668	2.123	0.004256162	0.020426929	0.0241	
chr2	179474317	T	C	control	8.479	0.01	0.145640696	0.008075573	0.211	0.739726027	2.1206	2.006	0.001554373	0.098712623	0.0075	0
chr2	179406331	A	G	control	8.368	0	0.572712893	0.006394374	0.048		0.2085	0.739	0.306178392	0.03570655	0.0927	1.58315989
chr2	179485740	C	A	control	1.085	0.49	1.057475555	0.044621196	0.188	0.5	0.057	0.296	0.263532038	0.174372315	0.2531	0.00922773
chr2	179392495	C	T	control	17.45	0.02	0.173838582	0.007340386	0.076	0.900684932	0.1555	0.63	0.005547741	0.042541325	0.0125	0.84014695
